354
  index      tf-idf
-------  ----------
   2195  0.0386664
    301  0.0338996
   3291  0.0467582
   3982  0.0342386
   5544  0.066499
   6675  0.0444671
   9533  0.0290028
   2645  0.0193997
  10820  0.0241405
  10803  0.0496551
   6013  0.018198
  10904  0.0339476
   4399  0.0119689
    475  0.0183067
   7300  0.0294648
   4656  0.0253472
   6142  0.0255624
   7655  0.0279976
   9354  0.0527047
  10723  0.0468132
   9915  0.122621
   4732  0.0317397
   9053  0.0532869
   7771  0.0273341
   8122  0.136651
    478  0.054432
   7140  0.0189837
  10124  0.056431
   7194  0.00615292
   7188  0.0274635
  10973  0.014496
   4271  0.016457
   6609  0.0170706
  10028  0.0412098
    116  0.0299479
   6720  0.0286146
  12069  0.0412098
   4913  0.0309861
   2072  0.0568354
   2749  0.0761685
   2649  0.0329819
   9600  0.0568354
   2366  0.045249
   3764  0.0718566
  11389  0.0112733
   7691  0.0958106
  11717  0.0206192
   3105  0.0321378
  11527  0.0496472
    558  0.0219983
  10657  0.0226377
   5418  0.0285602
   7869  0.0172643
    725  0.0506364
   1333  0.0262358
   4879  0.0439966
   4874  0.0216175
     79  0.0228878
   9121  0.0309861
   4950  0.014122
   4954  0.0278075
  12055  0.0129412
    893  0.0278616
   8807  0.0126816
   9542  0.0216175
    278  0.0996119
  12149  0.112057
   7142  0.0738093
    201  0.0544126
   4820  0.0175173
   3641  0.134263
   6851  0.0402921
   9494  0.0385292
  10486  0.0225556
   3241  0.0185835
   6307  0.0343902
  11376  0.045249
   2731  0.0265894
   7614  0.0398616
   5419  0.0202186
  11148  0.0296234
   7500  0.0223132
  10667  0.0204839
   3366  0.0469912
   4046  0.066499
   4778  0.0132074
   7409  0.0668166
   6809  0.0630924
   1999  0.0313562
   4771  0.0200884
   5165  0.0664079
   2011  0.140123
  11004  0.0346443
  10831  0.0235853
   8083  0.0258937
   2418  0.0444671
  11988  0.034142
  10565  0.0360159
   9531  0.0226377
   9646  0.0369336
   2535  0.0175723
   7111  0.0251717
   3051  0.0687804
   3990  0.0245276
   8738  0.069432
   2864  0.013343
   6843  0.0591888
   9078  0.0282752
   6560  0.0253472
   3401  0.0372581
   7128  0.131656
   9313  0.0402921
   7899  0.0589296
   4647  0.0213225
   2065  0.0258937
  10078  0.0241405
   9251  0.0343902
    560  0.043929
   6807  0.0413748
   2673  0.0412383
   8701  0.0272063
   5282  0.0229725
   8193  0.0366188
    867  0.0185835
    953  0.0139398
    610  0.018144
   1564  0.0288532
   7065  0.132998
    365  0.023878
     29  0.0260065
  10881  0.0247266
   8240  0.0288956
   6230  0.0467582
    622  0.0402921
   4114  0.0386664
     10  0.066499
   7474  0.0397921
   6355  0.0180369
   7324  0.042215
   1592  0.0377356
   9389  0.0776812
   3782  0.0605655
   9261  0.0314954
   7472  0.0145724
   4331  0.0237672
   4529  0.0459766
  11397  0.0354457
   6639  0.0338996
    654  0.045249
    655  0.121013
  10233  0.0232308
  10988  0.0996119
  11947  0.0395395
   5567  0.0220761
   5736  0.0518786
   4944  0.116618
   1964  0.036313
   3234  0.0738093
   2390  0.0506364
  10255  0.0386664
   5754  0.0237672
   1876  0.0225556
   6515  0.0279976
   8498  0.0319369
   8290  0.0336626
   8552  0.101273
   8831  0.0495252
   9501  0.0222336
   9364  0.0251362
   3124  0.0238593
   1388  0.0382963
   9151  0.0299479
   6384  0.0591888
   1696  0.0315462
    158  0.02708
   2797  0.0988488
   1887  0.0317397
   7302  0.0291546
   5444  0.066499
   8257  0.037593
   6447  0.0351718
   8014  0.031071
   2755  0.045249
   6569  0.0495252
   1889  0.033204
  11516  0.0261206
  10695  0.035727
   6290  0.0304908
   4937  0.0531787
   1506  0.0485561
    168  0.0329819
   1178  0.0456138
   4545  0.103575
   8038  0.0586171
   7964  0.0495252
    506  0.0338996
   2788  0.0476024
   4143  0.0698095
   6175  0.0504823
    777  0.0726261
   3721  0.043929
  10326  0.0385583
   8859  0.0635664
  10478  0.0433262
   9487  0.0396654
   2221  0.0668616
   9580  0.0161854
  10594  0.0351718
   8918  0.02125
   9453  0.0252412
   8904  0.0966961
   3698  0.0237672
   9530  0.0308058
    553  0.0222336
   9258  0.111557
  10752  0.0196449
   3631  0.0469912
   9260  0.0445684
  10226  0.0328777
   4802  0.0738093
   1416  0.0369336
     76  0.042645
   5478  0.0445684
  10068  0.0433262
    114  0.0288532
   9843  0.0459766
   8752  0.0827497
    163  0.0568354
   2069  0.0275945
   2341  0.010309
   7849  0.213147
   2060  0.0273341
  10989  0.0445684
  10075  0.0518786
    575  0.0380843
   2985  0.0751859
    451  0.0269552
   1150  0.235853
  10802  0.0412098
   2583  0.066499
   6248  0.0319369
  11124  0.0386664
   2832  0.0476024
    549  0.066499
   8236  0.0360159
   2806  0.045249
   2377  0.128268
   3062  0.034142
   4766  0.0382963
   9574  0.0177739
    243  0.04852
   3922  0.0287057
    443  0.030114
  11546  0.0703436
   4220  0.0549126
   6706  0.042756
   9030  0.033204
    505  0.0577064
   5714  0.0351718
  10804  0.0704768
    692  0.0153687
   6573  0.0261206
   9226  0.0204121
   4966  0.0309861
   3570  0.0223934
    287  0.0605655
   8542  0.0262358
   8669  0.021469
   2578  0.0532869
  11880  0.0282752
  10876  0.0246266
   2220  0.0354457
   2055  0.0227204
   5646  0.0120894
  11702  0.0369336
   5749  0.0295005
   7534  0.0738093
   2955  0.0282752
   1146  0.030114
   3256  0.0452754
   5466  0.0398616
   1030  0.0281355
  12064  0.0158338
   8940  0.0445684
    468  0.0291546
  10632  0.00949637
   5953  0.0738093
  11035  0.0417004
   6383  0.0265894
  12110  0.0304542
   2612  0.0199598
    663  0.0309861
   5291  0.039448
   4889  0.0129741
   9773  0.0402921
   2266  0.0574114
   2148  0.0235853
   6029  0.0294648
   6906  0.036313
   5946  0.0237672
   2134  0.0219983
   2609  0.0532869
   5371  0.0432603
   8167  0.0126496
   2141  0.0293085
   1424  0.0549126
   8329  0.0382963
   5647  0.0250323
   2694  0.037593
  10206  0.0225556
    102  0.0662284
    118  0.13795
  11835  0.0549126
    986  0.0797232
   1928  0.0441808
    698  0.0433262
    220  0.045249
   7868  0.0686634
   1519  0.0417004
   6196  0.0161854
   5170  0.0139037
   4036  0.0257821
   7861  0.034142
   6130  0.02708
   6124  0.020417
   5417  0.033204
   8400  0.0456075
   8139  0.0161854
   5257  0.101752
   1899  0.0186398
    333  0.105515
   8550  0.0228038
    260  0.048859
   1615  0.0412098
   9278  0.0354457
   9690  0.256294
   7903  0.0306286
   9164  0.039448
   3941  0.0708915
  11582  0.0506364
  11881  0.0506364
  11540  0.0459766
  10930  0.0168321
   5633  0.0346443
  11977  0.042938
   3788  0.0296234
   5318  0.036313
   6872  0.0175681
   7827  0.0255624
   3793  0.0467582
  11223  0.150093
   4362  0.035727
   2638  0.0277272
   2536  0.0382963