504
  index      tf-idf
-------  ----------
    301  0.0240571
   2683  0.0253539
   1654  0.0193071
   6892  0.0104511
   5540  0.0591861
     25  0.0264405
   1552  0.0274399
   6675  0.0788911
   2751  0.0259868
    675  0.0262102
   5387  0.0736321
    124  0.0441569
  10820  0.0342631
  10907  0.0395443
  10803  0.105714
  10904  0.0481824
   4346  0.0910263
   4224  0.0331823
   3310  0.0266781
  12078  0.0434716
   4399  0.00849383
   8943  0.0282881
   1094  0.103606
   3579  0.036816
  11629  0.0285936
   7300  0.0418198
    131  0.0337331
    372  0.0471915
   4656  0.0359756
   6142  0.0362811
   4125  0.0351459
  11161  0.0107612
   7655  0.0198687
   8502  0.0177644
   9354  0.0748046
  10723  0.0332213
   4732  0.0225243
   8255  0.0219895
   9916  0.0282881
   9779  0.0157782
   2189  0.0307467
   8245  0.0201662
   2780  0.0503087
  10010  0.0471915
   4780  0.0420038
    234  0.0274485
   8122  0.0554146
    177  0.0237244
    478  0.0643802
   6450  0.0311745
   3550  0.0285936
     15  0.0247704
   1306  0.0427413
     69  0.0245856
  10561  0.0152882
   7194  0.00873293
    436  0.0321113
   6963  0.0253539
   4271  0.0233576
   6609  0.0242285
  10028  0.0584897
   4109  0.0205821
  11855  0.0169319
   6641  0.0194897
   6063  0.0336035
   3922  0.0203712
   5386  0.0839837
   8810  0.0499198
   8427  0.0299582
   7123  0.0346732
   6720  0.0304599
   5947  0.0262102
  10732  0.0242292
   8199  0.0303421
    103  0.036593
   3638  0.0484583
   2749  0.0405402
   1513  0.0292651
   1876  0.0160068
   5577  0.036816
   8242  0.0119776
   3720  0.024507
   2767  0.0237244
   2366  0.0642226
  11389  0.0480011
   4824  0.0253539
   7691  0.0453285
   5258  0.0213706
  11717  0.0438976
   6158  0.0241597
   3105  0.0456136
   8928  0.0543546
    558  0.0156113
  10382  0.0190414
  11213  0.0289122
  10033  0.0226642
   1544  0.0144418
   8786  0.0176191
  11834  0.0690704
  11053  0.0238889
   5197  0.0196768
   5792  0.0145844
   3952  0.0337814
   4879  0.0312225
   4874  0.015341
   3303  0.039925
   3968  0.0234059
     79  0.0162425
   5573  0.0167375
   9121  0.0219895
   4950  0.0100218
   4954  0.0296007
    893  0.0395443
   4853  0.0182965
   8807  0.00899957
    278  0.0235634
   6581  0.0138973
  12149  0.102242
   2246  0.0134307
   4745  0.0242292
    978  0.0331823
   8301  0.0179126
    201  0.0193071
   4820  0.0124313
   2006  0.0523793
   3641  0.178652
   2424  0.0175474
   7392  0.0627297
   9035  0.0221197
   3409  0.0205744
   4359  0.0303421
   9494  0.0455709
  11086  0.0204759
   4290  0.0167375
   3031  0.0279946
   9432  0.0316283
  10206  0.0160068
  10781  0.0282881
  11781  0.0196768
   6638  0.0311745
   5317  0.0321113
  10050  0.0209099
   6307  0.0244053
    768  0.0249599
  10176  0.0242292
   1857  0.0264405
   9718  0.0181406
   3523  0.0316283
    622  0.0285936
   1634  0.0316694
   5242  0.0141646
   1784  0.012838
  11148  0.0210225
   7500  0.0316694
   3366  0.0333476
   4778  0.0468635
   2646  0.0481142
   7409  0.0889067
  10022  0.0183757
   8511  0.0359345
   3486  0.0187848
   2011  0.208822
   5406  0.0623971
  11004  0.0245856
   4500  0.0781822
   2418  0.0631129
   8895  0.0285936
   7408  0.0164859
  11980  0.036816
  10565  0.025559
   8945  0.0345535
   2535  0.0124703
   7111  0.0267949
   3051  0.0244053
  11655  0.0441569
   8867  0.0330961
   8738  0.11497
   1658  0.0289122
   2864  0.0189379
     87  0.0264405
   9078  0.0200657
   1645  0.0326277
   8459  0.0266781
   4219  0.0316283
   7128  0.0817517
   8919  0.0271773
   3438  0.0277121
   2234  0.0233576
   7899  0.0836396
   3622  0.0396836
  12144  0.00478202
   3561  0.0191289
   9251  0.0244053
   7190  0.0432242
   5867  0.0321113
   8784  0.0200657
   4396  0.0198687
   2673  0.0292651
    149  0.0630674
   4897  0.0441569
   4988  0.0395443
   8642  0.0179126
    867  0.0263759
    610  0.012876
   4121  0.0121488
  11485  0.0351459
   1324  0.0222522
    365  0.118616
     29  0.073823
  10881  0.0701897
   8240  0.0256325
   5021  0.036816
  10858  0.0117771
   3991  0.0441569
   7474  0.0847164
   6355  0.0128001
   7324  0.0299582
   2908  0.0247704
   1592  0.0133897
   3266  0.0274399
   3782  0.0429808
   9261  0.0447019
   9580  0.0114861
  10216  0.0806674
   6807  0.014681
    654  0.0321113
    655  0.171756
  10233  0.0494578
  11947  0.0420893
   7486  0.0998397
  10123  0.0289122
   1327  0.0218616
   7151  0.036816
   4712  0.0232516
   9572  0.0131879
  11962  0.020268
   7955  0.0282881
   9044  0.0245856
   8190  0.0351459
   9257  0.00459027
   1999  0.200269
   1903  0.0222522
   8831  0.0351459
   3124  0.0507958
   3423  0.0225243
  10161  0.0289122
   3487  0.0337814
   5889  0.0187011
   2796  0.0212528
   1385  0.0139412
    158  0.0192175
   2797  0.056119
    933  0.0296564
   4301  0.0213706
  11043  0.0235634
   9258  0.094392
   8014  0.0330746
   1889  0.0235634
   8220  0.0403337
  10695  0.0253539
   5960  0.0129915
   6290  0.021638
   3682  0.026536
   2809  0.0176191
   9535  0.0809144
   1506  0.0459443
   1178  0.0323702
  11850  0.0179878
    160  0.0471915
   8517  0.0285936
   3766  0.0172676
  10815  0.0180638
   5379  0.0155564
   2790  0.0336035
   4545  0.0735028
  10226  0.0559966
   1437  0.0359756
    506  0.0481142
   2788  0.0337814
   4920  0.0121488
  11673  0.0351459
   7143  0.0168666
   2836  0.0283292
   1533  0.0441569
   3644  0.0199666
  10326  0.0410448
   5754  0.0337331
   2100  0.0403337
   6809  0.022387
    775  0.0471915
   8859  0.0150368
   7508  0.016548
   9487  0.0281489
  12016  0.036816
   5146  0.0420038
    550  0.0441569
   8918  0.0150802
  11858  0.0344326
   8904  0.0548969
   3698  0.0168666
    490  0.0316283
   2803  0.0326277
  10752  0.0139412
   3631  0.0333476
   6009  0.0218616
    183  0.0331823
   7754  0.0217358
   2626  0.0211367
   3839  0.0184557
   1722  0.0344326
   1416  0.0524204
    495  0.0232516
    665  0.0337814
     76  0.0302634
   5478  0.0316283
  11050  0.0234059
   1085  0.0445043
   3648  0.0259868
   3267  0.0471915
   8360  0.0372369
    858  0.0257698
   8752  0.0440429
   9031  0.0471915
   9097  0.0523793
   9226  0.0144856
   7245  0.0441569
   2341  0.0146317
   6167  0.0231004
   8070  0.0262965
   9392  0.0391654
    575  0.0405402
   2985  0.0533563
   4765  0.0359345
   4532  0.0559891
    626  0.0503087
   1150  0.117163
   2548  0.0145844
  11230  0.0266781
  11918  0.0162425
  10486  0.0160068
  10087  0.0481142
  11093  0.0748798
   5093  0.0489079
   3257  0.0247704
   5085  0.0274399
    260  0.0173366
   2703  0.0321113
  11800  0.0264405
   4766  0.0543546
  11775  0.0257698
   4019  0.029593
   9358  0.0205821
   7057  0.0195827
    243  0.0344326
    228  0.0144891
   7377  0.0238889
   7661  0.0259868
   3240  0.0134719
   8161  0.0282881
   3421  0.0282881
   1367  0.0331823
   7623  0.0282881
  11766  0.0238889
   6944  0.121368
    505  0.0614277
   5714  0.0249599
  10804  0.0375108
   5274  0.0269235
   7472  0.0103414
    777  0.0257698
  10484  0.0367514
   6573  0.0185367
   6600  0.0376201
   5163  0.0299582
  11895  0.0237629
   3570  0.0635665
   9242  0.0403337
   3301  0.0199666
    287  0.0429808
   6863  0.0343985
   8542  0.0558553
   5143  0.0218616
   8669  0.0304713
   1668  0.0151317
   4437  0.0441569
  12122  0.0271773
   9147  0.0316283
   2820  0.0523793
  11701  0.034953
   5646  0.0257381
   8906  0.0186184
  11546  0.0249599
   5749  0.0209353
  10090  0.022387
   2624  0.0123241
   1885  0.196685
  11891  0.0351459
   9130  0.0262102
   2649  0.0234059
   9539  0.0420038
   6153  0.0143019
  11095  0.0259868
  10405  0.0477778
    128  0.0240571
   1045  0.0189549
   3751  0.0262102
    503  0.0216121
   5789  0.0111451
  12064  0.0449463
   7969  0.036816
   4478  0.0307467
   8940  0.0316283
   6564  0.0206898
   6106  0.0257381
   8893  0.0257698
   2427  0.0326277
   7150  0.0269235
   9451  0.0471915
   6383  0.0188693
   2618  0.0180638
   2612  0.0141646
    663  0.0219895
   9300  0.0359345
   5133  0.0311745
   3776  0.015502
   6001  0.0135551
   2148  0.0167375
  10473  0.0344326
   3613  0.0242292
   6906  0.0773095
   6013  0.0129143
   5371  0.0409333
   8167  0.0179537
   8135  0.0282881
   4442  0.0420038
   1424  0.0389691
   8329  0.0271773
   8845  0.0238889
   5410  0.0289122
  11842  0.0198687
   9889  0.0277121
    192  0.0212528
   7165  0.0193071
    102  0.109666
    118  0.083912
   9152  0.0299582
   1928  0.0627065
  11846  0.0491549
   7524  0.0192175
   4518  0.0195827
    438  0.0284202
   7868  0.178668
   3256  0.080325
  11790  0.00959106
    528  0.026536
   8472  0.0122185
   6196  0.0229721
   5313  0.0343985
   5170  0.0296007
   8221  0.0389691
   4722  0.0500144
   7407  0.016065
   4005  0.0492115
   7861  0.0484583
  10657  0.016065
   6130  0.0192175
   4388  0.0210225
   6124  0.0289781
   8400  0.0323657
   8139  0.0229721
   5257  0.0577674
   8779  0.036816
   6114  0.0251543
   1899  0.0396836
  11126  0.135126
   4241  0.0374023
  11503  0.0247704
   5418  0.060804
   1724  0.0441569
  12150  0.0160068
   9278  0.0251543
   4612  0.0359345
   9690  0.168889
   4937  0.056608
   2904  0.0413795
  11818  0.0100218
   7903  0.0217358
  10943  0.0218616
   3941  0.0503087
   8248  0.0257698
   6035  0.0337814
   5595  0.0303421
  11540  0.0326277
   6808  0.134322
  11977  0.0152356
   5318  0.0257698
   2806  0.0321113
   7827  0.0544217
  10189  0.0149784
   3509  0.0359345
  11653  0.0186184
  11223  0.0355049
   8154  0.0462007
  10930  0.0238901