415
  index      tf-idf
-------  ----------
  10508  0.0519487
   8363  0.0219098
   6714  0.0212958
   3982  0.0166894
   1182  0.0911604
   4879  0.0428918
     84  0.021831
  10820  0.0235343
  10907  0.0271619
  10803  0.0484081
  10904  0.0330951
   9471  0.0719557
   3761  0.0448221
   6757  0.0190913
   3310  0.0366489
  12078  0.0298594
    475  0.017847
   1094  0.0948851
   7300  0.0287249
   4656  0.0988426
   6142  0.0249205
   3193  0.046407
  11161  0.0147831
   5540  0.0406532
   9354  0.0256906
   9915  0.0512322
  11106  0.0428258
   2446  0.0719557
    764  0.0422382
    234  0.0754143
   8122  0.0951568
   1134  0.0325913
   1569  0.046407
  10324  0.0288795
   9841  0.0965631
  10704  0.046407
    736  0.0554082
  10561  0.021002
     54  0.0519487
  10977  0.0269016
  10183  0.0282745
   4694  0.0401749
   7037  0.0600644
  10028  0.0401749
   3153  0.0397179
  11855  0.0465203
   5386  0.0384574
   9465  0.0209299
   7123  0.023816
  10555  0.0254646
   6720  0.0418441
  12069  0.0401749
   9992  0.049841
   7450  0.0493648
   4538  0.0337744
   4913  0.030208
    709  0.0519487
   2749  0.0185639
   1885  0.0337744
    187  0.0290364
   5231  0.0519487
   3764  0.0467014
  11389  0.0329706
   1123  0.0505758
   1607  0.0434492
   5710  0.0401749
   2074  0.0467014
   6080  0.0746692
  10961  0.0127776
   8567  0.0411549
  11527  0.0161335
    558  0.0214459
  10657  0.0220692
   1544  0.0198394
   7869  0.0336616
   5418  0.0556861
   1956  0.0380693
  11834  0.0237213
   3895  0.0670532
   4881  0.0401749
   7755  0.0366489
   5792  0.0601057
   2079  0.027429
   1720  0.0519487
  12034  0.0240082
   8914  0.0303868
   5407  0.0577024
  12055  0.0378486
   3489  0.0311349
   5469  0.0535336
  12149  0.124849
   1876  0.0879568
  11301  0.0554082
   7797  0.0411549
   4743  0.0519487
  11816  0.0493648
   3961  0.0505758
   4820  0.0170774
   3641  0.0818074
   9645  0.0719557
   6851  0.0785607
   3151  0.0392803
   2133  0.0392803
   9494  0.0125206
  10091  0.0719557
   1676  0.0313307
   5347  0.0227328
  11965  0.0422382
   8732  0.0351115
   3358  0.046407
    660  0.0583917
   1662  0.0519487
    624  0.0456376
   1118  0.0719557
   3143  0.0422382
   7452  0.0606603
   6100  0.0325913
   2331  0.0401749
   1784  0.0352721
    188  0.0319417
   7500  0.0435056
   3366  0.0916223
   4778  0.0128757
   7409  0.024427
   6194  0.0360061
   3486  0.0258055
   2011  0.068302
   5406  0.0285725
   4500  0.107402
   6879  0.0441127
   2418  0.0216752
   6248  0.0622697
   4379  0.0343535
   9646  0.0360061
   3927  0.0360061
   8328  0.0243034
   4603  0.0224789
   3990  0.0239117
   8738  0.0225628
   6990  0.0519487
   9545  0.0305688
   9078  0.0275651
  11912  0.0198394
   3319  0.0277032
   3401  0.0363225
   4219  0.0434492
   7128  0.0962622
   2021  0.0397179
   2234  0.0160437
   2169  0.0285725
   7190  0.0296895
   9544  0.0401749
   4830  0.0363225
    459  0.0577024
   5282  0.0223956
   4988  0.0271619
    867  0.0724674
    953  0.0135897
   8790  0.0202349
   4121  0.116826
   1324  0.0611375
    365  0.0349175
   5697  0.0519487
   8007  0.0499257
     29  0.0253535
   7576  0.0565607
   8240  0.014085
   8576  0.0325913
   7348  0.0719557
   1592  0.055182
   8579  0.0337744
   9261  0.0614089
  10177  0.0406532
   9790  0.0416823
   5530  0.0416823
  10579  0.0434492
   1865  0.0331892
    655  0.104866
  10988  0.0323701
   2731  0.0259216
   3508  0.0719557
  11947  0.0192733
   5170  0.0271092
   2199  0.0505758
   4944  0.0284224
   1964  0.0354011
   6189  0.046407
  11919  0.113237
   2533  0.0606603
   8371  0.024815
   9257  0.0126117
   9305  0.027843
   6988  0.0606603
   2381  0.045584
    417  0.0325913
   8366  0.0554082
   3124  0.0232601
   5889  0.102762
   9151  0.0291959
   3223  0.0473016
   2797  0.0578199
   1714  0.0422382
   2426  0.0340282
   4301  0.117431
   1887  0.0618854
   6447  0.102866
   1042  0.045584
  11516  0.0254646
   4241  0.0513812
   6290  0.0148625
   3063  0.0363225
   8542  0.025577
   3435  0.0448221
    790  0.110816
   2809  0.0242041
   5413  0.0606603
   6024  0.0152276
   1178  0.0741138
   1318  0.0222311
   7690  0.0946032
   4495  0.0242041
  10124  0.0366759
   4545  0.0252435
    104  0.0513812
   1440  0.0256906
   2138  0.0648291
   5457  0.0505758
    777  0.0354011
   1971  0.0240082
  10701  0.0287249
   8268  0.0229931
   7508  0.090931
   3038  0.0411549
   9487  0.0193347
    765  0.0342885
   2221  0.0325913
   8903  0.031734
   1105  0.0335266
   2402  0.0335266
   9453  0.0246073
   8904  0.0942679
   1941  0.0296455
   3026  0.0287249
  10382  0.026158
   9258  0.0836583
  10752  0.0191516
   3631  0.0458111
  10226  0.0256416
   1416  0.0720122
    721  0.0193347
   6503  0.0360061
   5415  0.0356992
    858  0.0354011
  11630  0.0535336
   2049  0.0145873
   1156  0.0362337
  10794  0.046407
   7803  0.0535336
   9226  0.0208944
   2341  0.0201002
   7849  0.0519487
   9241  0.0577024
   2060  0.0266477
    575  0.0556918
   5285  0.025577
   3217  0.0380693
    451  0.0262783
  11640  0.0611375
   4532  0.0769147
   1150  0.0689792
     14  0.0434492
  10802  0.0401749
  10486  0.0219892
   4254  0.0577024
  12197  0.0554082
   8476  0.027429
   3933  0.0319417
  10877  0.0200352
  11315  0.030754
   2662  0.0309427
   4766  0.0373346
   6717  0.0691112
   3256  0.0220692
   9574  0.0173276
   7057  0.0269016
   3922  0.0279849
    443  0.0587155
    401  0.0505758
  11546  0.0342885
   9030  0.0647403
    505  0.0281287
   4017  0.0179541
   5401  0.0473016
    692  0.0299656
   8668  0.0219098
  10484  0.0252435
   6356  0.0142065
   6573  0.0254646
  12083  0.0246073
   6600  0.0344536
   9343  0.0373346
   5675  0.046407
  11895  0.0108814
   2831  0.0577024
   3570  0.021831
   8538  0.0376954
    287  0.0295223
   6863  0.0236274
   3957  0.0660966
   8669  0.0209299
   6242  0.0384574
   2578  0.0519487
   6697  0.0719557
   6940  0.0291959
   9013  0.0411549
  10056  0.0363225
  11533  0.0342885
   5646  0.0117859
   8906  0.025577
   9630  0.0380693
   5749  0.0479328
   8258  0.0380693
   2624  0.0169302
   1751  0.0505758
    128  0.0330483
   1045  0.104157
   6429  0.0300322
    503  0.118758
   2985  0.0366489
   8243  0.0226474
  12064  0.0463085
   6106  0.0117859
  10632  0.0092579
   6690  0.0606603
   6017  0.046407
   2612  0.0583757
   3663  0.0856517
   5334  0.0165946
   7081  0.0719557
   6676  0.0388606
   5291  0.0384574
   4889  0.0252966
   9459  0.0493648
   6906  0.0354011
   5946  0.0463407
   9585  0.0360061
   2134  0.0214459
   6003  0.0132776
   5371  0.0702899
   9191  0.0149828
   8167  0.0123319
  10166  0.0519487
   8140  0.0253535
  10122  0.027429
  10321  0.0422382
   7691  0.186809
   9889  0.0380693
  10374  0.0441127
   7408  0.0113237
    118  0.0768491
    616  0.0406532
   8845  0.0328172
   1928  0.0143571
  11846  0.0168816
   1233  0.0441127
    698  0.0422382
   7524  0.0263999
   4518  0.0538032
   5526  0.0482815
   7868  0.0446261
  11790  0.0131757
    528  0.0364536
  11069  0.0380693
  10527  0.0287142
   5313  0.0236274
  11988  0.0332847
   5267  0.0422382
  11819  0.0176361
   4722  0.0171768
   4005  0.0676041
  11959  0.110816
   7861  0.0332847
   1949  0.0330483
   4196  0.027843
   6124  0.0199043
   5417  0.0323701
   3363  0.0366489
   3380  0.0519487
   9802  0.0647403
   3622  0.0181717
   1512  0.0319417
   3552  0.0473016
    260  0.0952641
   8370  0.046407
   1323  0.0348298
  12150  0.0659676
   9690  0.160623
   2904  0.0852673
   7903  0.0298594
  10919  0.0401749
   2613  0.0311349
     48  0.0606603
    524  0.0577024
  11881  0.0493648
   6808  0.030754
   3788  0.0288795
   5013  0.0348298
  11896  0.0290364
   2777  0.0354011
  10189  0.041153
   1040  0.0300322
   5919  0.0311349
  11223  0.136569
  10930  0.00820471
   9957  0.045584