293
  index      tf-idf
-------  ----------
    353  0.035338
   3366  0.0250057
   1178  0.0485454
   3584  0.0348703
   3450  0.0313585
   3613  0.0363364
   7409  0.115555
   7029  0.066222
   1306  0.0320495
   1318  0.0242694
   9784  0.036871
   6714  0.0464966
   5749  0.0104655
   4881  0.0438584
   5059  0.081965
   2010  0.0358261
   2011  0.134216
   6124  0.0217292
   5932  0.0424236
   5406  0.0623845
   5379  0.02333
   2790  0.0251976
   6675  0.0236625
   4500  0.0781664
   6732  0.0195416
   4842  0.0527083
   3822  0.0538909
    301  0.0360784
   3839  0.027678
   6153  0.0214486
   1512  0.0348703
   7408  0.0123619
    506  0.0360784
   1045  0.142133
   7575  0.062993
   3256  0.0722779
   7771  0.0290909
   5895  0.0604884
   3240  0.0202038
   1602  0.0209738
  10046  0.055356
   2836  0.0212426
   3726  0.0404076
    187  0.0316987
   9249  0.0335737
   2535  0.0187017
   3971  0.0358261
   1279  0.0256921
   5285  0.111688
   5128  0.0232483
   8243  0.0247239
    475  0.0194833
   1094  0.0258962
   3918  0.0305507
  11108  0.0250057
   7524  0.0288205
   4771  0.0213795
   4656  0.0809288
   7263  0.066222
   8139  0.0516769
   9634  0.066222
    478  0.0193102
    399  0.0424236
   5540  0.0443806
   3982  0.0182196
   9080  0.0567117
   2457  0.0474328
    838  0.0428818
  11054  0.0497634
  11601  0.106014
   5122  0.0604884
   8929  0.062993
   7431  0.0163126
   3720  0.0183766
   7128  0.0175147
   5878  0.0506619
   5206  0.0386469
   3709  0.0527083
   7544  0.066222
   9353  0.0393183
   1285  0.0506619
  10943  0.0327858
   8904  0.0823288
    503  0.0648232
   1941  0.0485454
   4647  0.0226929
   8122  0.0207763
    177  0.177897
   8444  0.0481572
   9258  0.0365315
   7190  0.0324116
   6001  0.0203285
   2148  0.0502024
  10473  0.0516385
   3525  0.0344213
    717  0.0655715
     15  0.0742963
     26  0.0263158
   7140  0.0404076
    607  0.0396528
   2948  0.0506619
   4577  0.175326
  10226  0.00699816
   6906  0.0386469
  10561  0.114638
  11389  0.0119978
   7194  0.00654838
   8390  0.0212426
  11962  0.0303959
   1131  0.0424236
   5371  0.138122
   6019  0.073347
    677  0.0396528
     89  0.0335737
   6609  0.0363355
   9179  0.0604884
  12033  0.0324116
      6  0.0374323
    953  0.0148357
   8669  0.0456977
   3148  0.0467524
    599  0.0604884
   1561  0.0887612
    114  0.0307077
   5097  0.0604884
    218  0.0339895
   6720  0.0456806
   8562  0.116884
   8743  0.0254917
   1167  0.115941
   9226  0.0130344
   8007  0.0363355
   8240  0.0153764
   2341  0.0219431
    118  0.0629213
   4114  0.0411516
   7512  0.0355794
   7684  0.0403772
   2847  0.066222
   1928  0.0313469
   8070  0.0591551
    570  0.0584419
  11846  0.0368588
   6721  0.0552129
    220  0.0481572
   3782  0.0966872
   9261  0.0167598
   2707  0.0383308
  10949  0.070773
   6946  0.045504
   1158  0.0538909
  11640  0.0333715
   7166  0.0337797
   3764  0.0509833
  11017  0.0300925
    626  0.0377239
   5754  0.0505895
   1150  0.125506
   5161  0.0604884
   8277  0.0371482
  10396  0.0273217
  11790  0.0143837
   1865  0.0181161
   6087  0.22752
   6577  0.070773
   6158  0.0181161
   6196  0.0172256
  10087  0.0721567
   8268  0.0502024
    655  0.114481
   6921  0.0231673
   8928  0.0407577
  10229  0.0264232
   8681  0.036871
  10382  0.085669
  11947  0.0210404
  10187  0.0348703
   1864  0.0377239
    908  0.0449282
   4722  0.0187516
   7305  0.0296523
   7486  0.0748647
   5665  0.066222
   3257  0.0371482
   8373  0.0403772
   2128  0.035338
   1956  0.0415598
  11834  0.0258962
  11053  0.0716523
  11055  0.0331728
     73  0.0393074
    201  0.0289549
    318  0.0433595
   5792  0.0218722
   4879  0.0234122
   4876  0.062993
  10405  0.0358261
   1790  0.0481572
  11036  0.0252947
   8400  0.0242694
   7955  0.0424236
   5057  0.120027
  10688  0.0419834
  10701  0.125434
   4954  0.0739868
   8820  0.0948657
  12055  0.0137729
  11819  0.019253
   9354  0.0560921
   9845  0.0527083
   6466  0.0604884
   8859  0.0338259
   5242  0.0212426
  12149  0.0681479
  11126  0.0506619
   4377  0.0302432
   9257  0.020652
   2204  0.0461108
   2938  0.0506619
    333  0.0374323
   5732  0.062993
  10368  0.0415598
  12144  0.00717158
    260  0.0259996
  11291  0.0978633
   8861  0.0308669
  11766  0.0358261
   1635  0.0461108
  12150  0.264058
   9278  0.0377239
   3641  0.0178616
    505  0.0307077
   5419  0.0860724
  10505  0.0951371
  10804  0.0187516
   3409  0.0154277
  11818  0.0150296
   9494  0.0273371
   8154  0.0346435
  10484  0.0551159
   6356  0.015509
    957  0.0400091
  12083  0.0268635
    365  0.165182
   2801  0.0400091
   9603  0.070773
   3714  0.0403772
   9346  0.0489316
   2220  0.0377239
  11931  0.0538909
   5197  0.0590186
  10805  0.0366005
   2797  0.0210404
   3056  0.144313
   1714  0.0461108
   2144  0.0324116
  11895  0.0118791
  10752  0.0209076
    933  0.0222378
   3514  0.0302432
   3570  0.0476652
   6955  0.0380232
   6808  0.0671475
   3241  0.0395558
   3163  0.128645
   2812  0.0403772
   2947  0.0380232
   5055  0.036871
   2194  0.0238326
     79  0.0243588
    176  0.0467524
    624  0.024911
   2777  0.0386469
   3619  0.0461108
   6382  0.0370715
  10082  0.066222
  11662  0.0403772
   2946  0.0567117
   4889  0.013808
   5542  0.070773
   5889  0.14023
   3161  0.0316987
   5649  0.0506619
  10876  0.0262094
   6717  0.0754478
   2647  0.0269763
   9727  0.035338
    328  0.0473251
   1326  0.0489316
   4115  0.0461108
   8971  0.0377239
   7500  0.0237473
   6024  0.0332475