314
  index      tf-idf
-------  ----------
   7474  0.0178833
   4525  0.382318
    126  0.0478961
  11249  0.0510857
   3279  0.0294498
   1694  0.044515
   2345  0.0609402
   7481  0.0167035
   6620  0.055928
   5885  0.0300487
  10022  0.0232742
   9665  0.102171
   8363  0.0808022
   5749  0.00883869
   4181  0.0866596
    109  0.0210387
   5059  0.0230746
   3331  0.0744088
   4495  0.0223158
     84  0.0201279
  11765  0.0535425
   4500  0.0330079
   5646  0.0108664
  10946  0.0344221
   7720  0.0374818
   8050  0.055928
  11992  0.0482347
   9855  0.0413254
   2988  0.0420279
   2796  0.0269182
   7408  0.0104403
  12035  0.0174917
   1078  0.0278514
   2645  0.0174371
   8871  0.0344221
   1866  0.0256709
   6344  0.0208026
   6175  0.0453753
   7409  0.0300285
  10904  0.0152567
   1436  0.0384305
   8634  0.025542
   2330  0.0248029
   6429  0.0276893
   6757  0.017602
   1872  0.0288865
    910  0.0249222
   9186  0.0316136
   3644  0.0252892
  10326  0.0346575
   2535  0.00789729
   1971  0.110676
   1246  0.0354572
   1523  0.038462
    891  0.0466303
    188  0.0294498
   4399  0.0107581
   1518  0.0413254
    867  0.0167035
   5373  0.0400596
   4268  0.0251652
   8940  0.0400596
   4109  0.0260687
   4257  0.286739
   1987  0.0413254
    834  0.0570575
   6106  0.0108664
   7508  0.0209593
  11206  0.0309111
  10725  0.103207
   7152  0.055928
  12134  0.0663423
   4549  0.0292583
   9058  0.0394849
   2864  0.0239863
    806  0.0774051
   8242  0.0303409
   5594  0.0321126
   9078  0.0254147
   8115  0.0232742
   4732  0.0285288
   3548  0.0866596
   6383  0.0238994
   3373  0.0216984
   2151  0.0663423
   9580  0.0290959
   7166  0.0285288
   2448  0.0442706
   1434  0.044515
  11715  0.0321126
     23  0.226607
   9779  0.0199843
   4593  0.0384305
   2189  0.0389431
   4756  0.0493573
  10366  0.120925
   3642  0.0370408
   8918  0.076401
    934  0.0337899
  11595  0.0532009
   4889  0.0233231
   2065  0.139645
    553  0.0199843
  10532  0.0298449
   6060  0.0532009
   9258  0.0231396
    478  0.0326169
   5322  0.055928
   7655  0.0251652
   9069  0.0235817
   6029  0.026484
   6499  0.0267712
   6979  0.036216
  10226  0.0118206
   2568  0.0384305
   6013  0.016357
   2134  0.0197728
   3629  0.0300487
   6003  0.0734509
  10973  0.0130295
   6299  0.0366194
   5147  0.0455137
   6732  0.0330079
   9191  0.0276279
   2930  0.0493573
   8167  0.0113699
   5290  0.0413254
   5611  0.0420279
   1430  0.0596897
    658  0.0216133
    776  0.0510857
   1156  0.0167035
  10271  0.0197728
   5949  0.0244539
   6063  0.0212807
   4096  0.0210387
   1715  0.0337899
   4074  0.0647447
    610  0.0163085
   8752  0.0185946
   1145  0.0510857
   6211  0.0436115
   3241  0.0167035
  10895  0.036216
   1085  0.028184
   5505  0.0436115
   6720  0.0514396
  12012  0.0400596
   2060  0.0245689
   7377  0.0907713
   9992  0.137858
   9226  0.0119256
   7901  0.0216133
   9934  0.0354572
   8240  0.00649309
   2341  0.0277982
   2154  0.0370408
    443  0.0270675
   2247  0.0329142
    863  0.0389431
   6355  0.0162122
   5131  0.0321126
   3330  0.0476062
   7478  0.0254147
   1513  0.0555996
   2649  0.0296453
   4065  0.0478961
   5192  0.0229764
   9257  0.0116278
   1345  0.0212807
   8790  0.0186563
  12008  0.0252892
   4974  0.0510857
  10389  0.036216
  11764  0.186549
   6817  0.0334889
  11169  0.0359963
    438  0.0539945
   2035  0.0379443
  11389  0.0202656
   7082  0.0597716
   5299  0.0254147
   3702  0.0300487
  10579  0.0400596
  11386  0.08259
  10527  0.0926595
   8753  0.0337899
   6674  0.0436115
    706  0.0304701
   1865  0.0459001
     68  0.041297
   1500  0.0318598
   3512  0.0890299
   4126  0.0374818
   4052  0.0280162
   5093  0.0206485
   8299  0.0337899
   4722  0.0316735
  10639  0.0510857
   3532  0.0478961
   4260  0.044515
   9027  0.0329142
   8758  0.0510857
   4005  0.0207767
   8144  0.044515
  10877  0.0554167
    882  0.0493573
   7741  0.0296453
  10996  0.0307748
   6758  0.0326394
   3120  0.0688441
   4193  0.106402
   5442  0.145353
  11919  0.0208807
   2716  0.0254147
   5792  0.0184722
   4167  0.0493573
   9028  0.0663423
  11036  0.0213628
   4088  0.0263435
  12054  0.0370408
   4950  0.0126933
   8914  0.0280162
   5257  0.0182917
    308  0.0455137
    234  0.0173828
  12174  0.0406714
   8807  0.0113986
   8333  0.0427867
   5390  0.0334889
   9052  0.0597716
   6768  0.0214456
  10257  0.0406714
   7577  0.0532009
  10362  0.0400596
   1876  0.0405475
   4164  0.0427867
   5443  0.105298
   8631  0.0278514
   8550  0.0204968
  11390  0.0366194
   9635  0.0316136
   5244  0.055928
  11786  0.0597716
   3789  0.0316136
   9501  0.0199843
   7111  0.0339378
   4017  0.0331069
   9364  0.0225933
   1634  0.0200558
  10505  0.048209
   2350  0.0164547
   9494  0.0346314
   7622  0.0688441
   7752  0.0330079
   6356  0.0130982
   7872  0.0689291
  10073  0.0200558
   5638  0.256336
   7576  0.0173828
   2647  0.136697
  10643  0.0406714
   3008  0.0427867
   5330  0.0740816
  11627  0.0478961
   2489  0.044515
   8085  0.0296668
   7347  0.0455137
  10539  0.0413254
    933  0.0187811
   5315  0.0294498
   5897  0.036216
   1887  0.0285288
   8218  0.036216
   2525  0.0237923
   8262  0.0334889
   1079  0.0532009
   3301  0.0252892
   8889  0.0243404
   4624  0.0179405
  10667  0.0184117
  10459  0.0709144
   3131  0.0406714
  11376  0.0406714
   3272  0.0256709
   6872  0.0157908
   2755  0.0406714
   2638  0.0249222
  11864  0.02753
   2777  0.0326394
   2731  0.119497
  10399  0.0350995
  11684  0.0329142
   5974  0.0344221
   2082  0.0337899
   4156  0.0258017
   3320  0.036216
  11880  0.0254147
   6290  0.0274062
   9185  0.0162602
   3682  0.0168049
   9535  0.0204968
   8080  0.0311292
   1757  0.0329142
   4552  0.0455137
   8732  0.0323724
  11242  0.0478961
    328  0.0399686
   7903  0.02753
   3599  0.0379443
    812  0.111856
   1994  0.0354572
   7500  0.0200558
   1506  0.0290959