324
  index      tf-idf
-------  ----------
   7474  0.0187905
   3366  0.02219
   1178  0.129237
   3279  0.0309438
     26  0.0233526
   7409  0.0473278
   3990  0.0231647
   2908  0.0329652
   5749  0.0278612
     25  0.0351878
   5059  0.0242452
   2672  0.0219399
   2011  0.158804
   5406  0.0276799
   1131  0.0376466
  10124  0.0355301
   8285  0.0585285
   1182  0.0294375
   6177  0.0618876
   9494  0.0363882
    675  0.0348813
   5543  0.0305453
  10005  0.0434218
   6153  0.0190334
   4268  0.0528837
   1003  0.0442118
    506  0.0320158
    540  0.0697078
  11984  0.0196027
  10803  0.0234479
   8046  0.0398692
    128  0.0320158
   7395  0.0454195
  10904  0.0320612
   4249  0.0233526
   1045  0.075677
   2330  0.0260612
   4379  0.0166401
   8945  0.0306565
   4451  0.0716612
  11583  0.0380532
   1041  0.0478226
   3726  0.0358576
  10094  0.0478226
   3849  0.0327192
  10326  0.0182078
  10255  0.0365178
   5574  0.071008
   7885  0.0628038
   8805  0.0441599
   3051  0.0324792
   7672  0.0315731
   8859  0.0100057
    867  0.0175509
   2095  0.0329652
   8874  0.0528837
  10701  0.0278275
   3782  0.0572
   4656  0.0239387
   6106  0.0114177
  10080  0.0893797
   2864  0.0252031
   2055  0.193121
   8139  0.015286
   6142  0.0482839
   4965  0.0899144
   9487  0.0561919
   9545  0.0296138
   2022  0.0351878
   7150  0.0358306
   9354  0.099552
  10723  0.0221059
   5347  0.0660677
  11035  0.0393832
   9574  0.0335725
  10183  0.0273912
   3407  0.0427346
  12110  0.0575239
   4143  0.0329652
  10334  0.0236413
  11517  0.0558998
    213  0.0309438
   5313  0.0457785
   5878  0.0449572
   4660  0.0252257
    764  0.28643
   2907  0.053408
   8299  0.035504
   5964  0.0409186
  11660  0.0659303
   2169  0.0276799
   5291  0.0372559
   3698  0.0224465
   4889  0.0245063
   2065  0.0489097
   8122  0.0368736
  10078  0.0227991
   2121  0.0467052
    177  0.0315731
   9258  0.0688881
   2266  0.0813318
   6003  0.0128628
   2148  0.0445495
   7868  0.0864639
   8960  0.0305453
   7754  0.0867797
    243  0.0458239
    607  0.0351878
  11379  0.0380532
     69  0.130877
  10226  0.00621014
   4099  0.263526
  10561  0.101729
   2649  0.0622984
    875  0.0322448
   2134  0.0207759
   7188  0.0259374
    477  0.0243495
   2673  0.0194734
   8738  0.0218579
  11135  0.0278275
  10079  0.0787664
   4679  0.0434218
   5371  0.122569
   2444  0.0899144
   9675  0.155584
   5700  0.0269732
   8952  0.0345839
   7660  0.0372559
  11873  0.0730356
   4271  0.0155425
   6609  0.032244
   9834  0.0258152
  11050  0.0311492
   2141  0.0553598
   1360  0.0697078
   9915  0.0165439
   6675  0.0209981
   8032  0.0420918
    116  0.0282838
   6563  0.0434218
    191  0.0434218
   4121  0.032336
    744  0.0380532
    443  0.0284406
   3241  0.0175509
    114  0.0272499
  11977  0.040552
   9465  0.040552
   6720  0.0540491
   4988  0.0263133
  10732  0.0322448
   8935  0.0489097
   6234  0.0281293
    365  0.0338267
   3420  0.0315731
   8007  0.016122
     29  0.0245614
  10881  0.0233526
   8240  0.00682248
   2298  0.0376466
   2068  0.0499986
    118  0.0372241
   4114  0.0365178
   2060  0.0516304
   6355  0.0170347
   3392  0.0503258
   7385  0.0449572
   8070  0.017498
  11717  0.0194734
  11846  0.0327084
    364  0.0213797
  10016  0.0223602
   7524  0.0255752
    610  0.0171358
   9261  0.0148726
  12008  0.0531441
    451  0.0254573
   3720  0.0163073
   7479  0.0358306
   3764  0.226212
   2423  0.0256945
   3525  0.0610907
   1150  0.0222747
  10073  0.0210732
   8042  0.0376466
   4789  0.0342952
  11790  0.0255281
   2074  0.0226212
   3644  0.0265721
   8472  0.0325213
    655  0.0634937
     40  0.0303519
  10368  0.03688
   6158  0.0160762
  11527  0.0468884
   5170  0.0525245
  10229  0.0234479
   4571  0.0351878
   4265  0.0935464
   4177  0.0251118
   7131  0.0558998
  10486  0.0213022
   4722  0.0332803
   5736  0.0489958
   6706  0.0807602
   4005  0.0545767
   7869  0.0081525
    558  0.0207759
   8360  0.173446
   7194  0.017433
   3430  0.0536772
  10749  0.125608
   9716  0.0403801
  11055  0.0294375
   6130  0.0767256
   6564  0.055069
   3584  0.0618876
  10729  0.0427346
   1795  0.0558998
   4879  0.0207759
   2674  0.0587652
   2129  0.035504
   6717  0.0334761
  11962  0.0269732
   3256  0.0213797
   6203  0.0478202
   4950  0.0133372
   4954  0.0262623
   8371  0.0240398
   8228  0.0213797
  12055  0.0366662
    232  0.0342952
   8807  0.0239538
   2162  0.0332173
   7386  0.0315731
   5119  0.0628038
    278  0.156794
   8149  0.0558998
   8296  0.0478773
  12149  0.0453557
   9802  0.0313589
  10695  0.0337417
   7128  0.031085
   7901  0.0227098
   5710  0.0389199
   8301  0.0238386
   1679  0.0340146
   1999  0.148069
   3641  0.0158503
   4147  0.0269732
   9833  0.0260612
    201  0.0770834
   3875  0.0458239
   4820  0.0165439
    467  0.0393832
   2432  0.0219399
   3614  0.0787664
  12150  0.127813
   9278  0.0334761
   5714  0.0332173
    505  0.0544998
   7761  0.0327192
   9690  0.0518683
  11128  0.0256945
   7662  0.0558998
   5419  0.0190951
  10038  0.0307426
  10804  0.0499204
   4359  0.0403801
  11818  0.0266744
    692  0.0145147
   7903  0.0289266
   6356  0.0550506
   1872  0.0303519
  12083  0.0238386
   9226  0.0202417
   3547  0.0307426
   3391  0.0478226
   7155  0.0164486
   2099  0.0327192
   1696  0.0297932
  10805  0.0324792
  11148  0.0279773
   9392  0.0260612
   2098  0.0234479
   4966  0.0585285
   8182  0.0365178
  10536  0.0467052
   8897  0.0449572
   2069  0.0260612
   3570  0.084596
  10523  0.0449572
   6061  0.0434218
   6437  0.125608
   2812  0.0358306
   5875  0.0489958
   6307  0.0324792
   2909  0.0472826
   1615  0.0389199
   8014  0.0293444
   5143  0.058188
   7936  0.0478226
   5980  0.0209981
   1712  0.0202066
   7958  0.0358306
   8810  0.0332173
    487  0.0276799
   1857  0.0351878
  11516  0.0493382
   6616  0.0337417
   6100  0.0315731
   1899  0.017604
   5889  0.074664
   2360  0.0276799
  10876  0.0232582
   5242  0.0188507
   1784  0.0512553
  11223  0.103952
   2809  0.0234479
   8431  0.0278275
   8752  0.0195378
   9535  0.0215366
   7500  0.0210732