326
  index      tf-idf
-------  ----------
   3279  0.0604994
   5646  0.0223231
   3499  0.0467499
   2451  0.0384998
   4399  0.0110503
   6678  0.0789486
   6355  0.0499577
   3792  0.0253556
  10549  0.0338082
   4771  0.0185466
   8519  0.0265025
   7752  0.0678087
   2538  0.0394743
   1928  0.0951762
   3035  0.0681442
   3331  0.0254766
  10815  0.117503
  10778  0.089592
   4619  0.109292
   6600  0.0163143
   2643  0.0460321
  11765  0.137492
   6177  0.0302497
   1522  0.0621577
    697  0.0681442
   2294  0.041776
  10572  0.0405573
    392  0.0327252
   5957  0.0187274
   3339  0.061395
   1437  0.234017
   7057  0.0254766
   2645  0.0179107
   1582  0.0820491
   1866  0.0263682
   9530  0.0284414
   3453  0.0478967
   2634  0.0251181
  10469  0.0324722
   9531  0.125401
   7395  0.0222004
   4920  0.0158053
   2330  0.0254766
   8356  0.0350269
   4379  0.0162669
   5381  0.131846
   3751  0.0340988
   6873  0.021943
   1030  0.051952
   6666  0.120002
   9249  0.029125
   2535  0.00811178
  11883  0.041776
   1971  0.0227365
   3776  0.0201677
   1523  0.0987666
   8328  0.0460321
  10302  0.0424478
   4603  0.0212882
    475  0.0169016
   5749  0.00907875
   8867  0.172229
  11659  0.0200276
  10787  0.0210535
  11318  0.0681442
   6106  0.0111615
   6658  0.0424478
   1599  0.061395
   1941  0.0280752
   2725  0.0686287
   3816  0.0405573
    148  0.045724
  10881  0.0228288
   8502  0.046222
   9093  0.0304505
   6812  0.0816098
   8115  0.0478126
   7417  0.0467499
   7064  0.131846
  11707  0.0281168
  11966  0.0310789
    548  0.0713973
   2854  0.0332516
   9404  0.0293036
   2448  0.0227365
   8016  0.0211311
  11593  0.0404771
   8853  0.0312977
   5106  0.0384998
   9597  0.0467499
   3432  0.0394743
   1215  0.0306555
   8139  0.0448293
   8918  0.039238
  12144  0.0186639
   3698  0.021943
   6019  0.0424186
   2599  0.0371996
   4688  0.0524732
    806  0.159015
  11928  0.057447
  10078  0.0222877
   3595  0.0467499
   9258  0.0198067
   1944  0.0343985
   6001  0.0176348
  10915  0.0360528
   8840  0.0322257
   8551  0.045724
   6029  0.0272033
   6531  0.0350269
   3758  0.0302497
  10226  0.0424959
   1722  0.044796
   5946  0.021943
   9585  0.0340988
  10413  0.057447
   6589  0.0272033
   7194  0.0397646
   4874  0.0399166
   3629  0.0925946
   2102  0.0347076
   4382  0.0760937
  10973  0.0133834
   8745  0.0431694
   8135  0.0368021
  11999  0.125328
   6239  0.030053
   2790  0.0437174
   3105  0.0296711
   6732  0.0508565
    534  0.0621577
  11855  0.022028
   2509  0.021943
   2024  0.0335259
  12164  0.0484443
  10119  0.044796
   4764  0.061395
    156  0.0439488
   3242  0.0491969
   2049  0.0138146
  10892  0.0405573
    114  0.0266387
  11158  0.0681442
   9087  0.0306555
   4450  0.0236004
   2592  0.029125
  10598  0.0524732
   6445  0.0524732
   9042  0.057447
   3949  0.158753
    269  0.057447
   6091  0.0721055
   7141  0.0273497
  11193  0.017473
   9226  0.0122495
    867  0.0171572
   8007  0.0157604
  11781  0.0255991
   8240  0.0533555
   2341  0.00951774
    685  0.0800015
  10047  0.0424186
   5587  0.0315215
   2246  0.034946
   8576  0.0308649
    628  0.0335259
   3330  0.110023
   7478  0.026105
   1513  0.0380731
   3781  0.0216922
  11984  0.0958151
  11864  0.0282777
   5192  0.0236004
  11846  0.0319747
   7349  0.0196859
   5187  0.0350269
  10016  0.0218587
   8242  0.031165
   3754  0.0491969
  11764  0.174196
   9372  0.0272033
  11169  0.036974
   8092  0.110597
   3962  0.0681442
  11223  0.00923819
  11389  0.0208161
   9305  0.0263682
   5998  0.041776
   9238  0.0380468
   7279  0.0405573
   6222  0.0255991
  11918  0.0422622
   9468  0.0516975
   3837  0.0775462
   8207  0.029125
  10233  0.0214478
   5170  0.0128366
   7022  0.057447
   8114  0.0304505
   4770  0.061395
   9001  0.0394743
  11016  0.057447
    487  0.027059
   4831  0.0284414
   7305  0.0257231
   7499  0.0524732
   4005  0.0106705
   7869  0.00796963
  10877  0.018974
   5307  0.0405573
   7505  0.089592
    854  0.0681442
   6034  0.0394743
   7951  0.0279585
   2170  0.0431694
  10708  0.0315215
   4388  0.355546
   3294  0.0322257
   3303  0.0173138
  10108  0.0400008
  12034  0.0227365
  11036  0.021943
   5567  0.0203817
   5573  0.0217751
   4954  0.0256732
   8820  0.0411476
   1767  0.0347076
  11968  0.0413492
    893  0.0771693
   4401  0.154339
   4853  0.0714098
    601  0.0289495
   1608  0.122622
   8807  0.0117082
  11481  0.035357
   7548  0.0308649
      6  0.0324722
   1763  0.0405573
   9974  0.0340988
   8190  0.045724
   1876  0.0208244
  10752  0.0181371
   3743  0.0478967
   3421  0.0368021
   1026  0.057447
   6655  0.0338082
   8631  0.0286078
   6178  0.0394743
   1553  0.0506979
  10715  0.0319853
    260  0.0225545
     68  0.0212093
   3789  0.0324722
   4820  0.0161728
  10038  0.030053
   8129  0.045724
   2162  0.0324722
   7155  0.0160796
   4855  0.0216922
   7111  0.0232397
   3682  0.0172613
   8254  0.0384998
   7392  0.0272033
   6422  0.0506979
   1634  0.0206006
  11982  0.0347076
   3409  0.0133834
   3030  0.0681977
  10484  0.0239063
   6356  0.0134539
   9174  0.045724
   7872  0.0236004
    670  0.0411476
   4290  0.0217751
  12101  0.035357
   1287  0.0546459
   9191  0.0141891
   4177  0.0245485
   1700  0.0411476
   4457  0.0400008
    901  0.0405573
   1028  0.030053
   1785  0.057447
   3609  0.0364202
  10920  0.044796
   3849  0.0319853
  10214  0.0324722
   4068  0.0491969
   2161  0.0666011
   1814  0.0800015
   8945  0.0149844
   8889  0.0250015
   4624  0.0184278
   2387  0.0248863
   1541  0.0368021
   6863  0.0223758
   8542  0.0242221
   8669  0.0198212
   8014  0.0143431
   4330  0.0439488
    364  0.0209002
   7827  0.0236004
  10777  0.0478967
   1040  0.0284414
   1512  0.0302497
  11516  0.0241157
   3074  0.0317507
  11653  0.0968886
   7864  0.0360528
   8358  0.061395
   9494  0.0118573
   4462  0.0343985
    458  0.0364202
   5419  0.0373335
   8348  0.0360528
   9716  0.0394743
   6574  0.0431694
   3628  0.0384998
   8154  0.030053
  10930  0.0388505
  12122  0.035357
   7319  0.0546459
  11547  0.044796
   1506  0.0149431
   6024  0.014421