429
  index      tf-idf
-------  ----------
   3279  0.0206106
   9083  0.0250751
  10419  0.0294135
     25  0.0234374
   1588  0.0652689
  11765  0.0749441
   3752  0.0176988
   1457  0.034543
   3295  0.034543
   1767  0.023648
   3069  0.0208871
   1523  0.107671
  11427  0.0391416
   5998  0.170785
   6662  0.0211756
   2725  0.222111
  11161  0.00953895
   8502  0.125974
   7445  0.0391416
   4050  0.0280359
   4181  0.0202164
  11106  0.0276337
   6730  0.034543
   9482  0.0244069
  11107  0.0335204
   4853  0.0486551
   2849  0.0418315
    478  0.0114136
   8995  0.0412213
   7194  0.0193526
   1200  0.0289218
  10973  0.0182375
   5102  0.0232333
   2699  0.0501503
   6589  0.018535
   3153  0.0256283
  10396  0.0161489
   8810  0.022125
   2592  0.0198443
  11549  0.0569282
  11110  0.0171947
   2669  0.0405155
   9196  0.0234374
   1153  0.025346
  10533  0.0418315
   3330  0.0749644
   1513  0.0259411
  11984  0.0261135
   3386  0.0216333
   3443  0.074466
   5187  0.0477311
   8242  0.0530857
  11017  0.0177866
   3104  0.0210298
  10382  0.0168787
   5196  0.0357526
   3092  0.0198443
   4767  0.0318531
   8770  0.0305218
   2170  0.0294135
   4874  0.0407958
   3303  0.0353903
  12034  0.0154915
    893  0.0175264
   7395  0.0453787
    601  0.0591743
   8807  0.0079774
   6972  0.0657201
   2246  0.0238105
   4745  0.0214772
   1452  0.0357526
   5871  0.0391416
   8207  0.0198443
   9635  0.022125
     68  0.014451
   3409  0.00911876
   4290  0.0296729
   7099  0.0318531
   5347  0.0440055
   2922  0.0250751
   8085  0.0103812
   3241  0.01169
   9114  0.0294135
   8016  0.0143977
    255  0.0418315
   5980  0.0139861
   3314  0.0259232
   9718  0.0160802
   5571  0.0289218
  10137  0.0335204
   3598  0.0265555
   5419  0.0381558
   1784  0.0227596
   2047  0.0265555
   4771  0.0252734
   2568  0.0268958
   3272  0.017966
   6347  0.0276337
  10778  0.0305218
   4500  0.0115504
  10831  0.0148365
   5957  0.0255199
   7408  0.0292268
   6344  0.0145588
   9531  0.327528
   4379  0.0110834
   2387  0.0169563
  11002  0.0248149
   9389  0.0162886
   1279  0.0151857
   4603  0.0435141
   7330  0.0222973
   8867  0.249365
    826  0.0183398
   1357  0.037233
  10787  0.129103
   5509  0.0418315
  11659  0.0955208
   2865  0.0142403
   3254  0.0752254
   2586  0.0305218
   5485  0.0259232
   6560  0.0159448
   2850  0.0391416
   3277  0.0299445
   4716  0.0311541
   3622  0.0234509
  12144  0.033911
   2226  0.0250751
   2316  0.0391416
   5452  0.037233
   7190  0.0191574
   6807  0.026027
   8840  0.109785
   2830  0.0418315
   8313  0.023648
   6507  0.0272545
   4737  0.017966
   5712  0.037233
   4394  0.0278729
   4396  0.0528361
   4382  0.259232
   2071  0.022125
    544  0.0335204
  11999  0.0284641
   8380  0.037233
   4081  0.0729699
   6732  0.103953
   9589  0.023648
   2871  0.0154292
    867  0.01169
   1492  0.0468748
  12164  0.0165038
  11909  0.0391416
   3949  0.0216333
    629  0.0418315
  10407  0.0180575
   2335  0.0357526
  11781  0.0348839
   8240  0.0227211
   8926  0.0276337
  10047  0.014451
   6355  0.0680774
   7478  0.0177866
   3781  0.01478
   9233  0.0782831
  12204  0.0391416
  11764  0.0593444
   7472  0.0183337
   2174  0.0335204
  11306  0.0391416
   3627  0.0418315
   1291  0.034543
  10980  0.0216333
   5567  0.0555484
   1072  0.0265555
  10332  0.018535
   5170  0.00874621
   9532  0.0690861
   4831  0.0193785
   4944  0.0183398
   2191  0.0537917
   9572  0.0350701
   1225  0.0318531
   8498  0.02009
  11261  0.0418315
   8137  0.0151262
   2381  0.0294135
   6745  0.0222973
  10994  0.0312358
   7155  0.0109559
    321  0.0518464
    781  0.034543
  11644  0.0217932
   2201  0.0335204
   1696  0.0793772
   4704  0.025346
  10865  0.0545091
   3089  0.0305218
   5025  0.0357526
   9818  0.0202164
   6260  0.0391416
    933  0.013144
  10536  0.0155544
   5306  0.0305218
   2603  0.0318531
   4371  0.0782831
   5655  0.037233
   8257  0.0472961
   1733  0.025346
   6302  0.0326345
   5051  0.0357526
   9147  0.0280359
  10576  0.0464301
   4196  0.017966
   7192  0.0335204
  10815  0.0160121
   5379  0.0137895
   2790  0.0297868
   7567  0.0280359
   2854  0.022656
   6763  0.059889
   1437  0.0159448
   1078  0.019492
   9001  0.0537917
   3690  0.0512566
    988  0.0418315
   9064  0.110535
   4920  0.010769
   7143  0.0299017
   2836  0.0125558
   3849  0.0217932
    905  0.0289218
   6198  0.034543
   8859  0.0133289
   6542  0.0335204
  11206  0.0216333
   4419  0.059889
   7417  0.0318531
   4403  0.0284641
   5016  0.0357514
  11966  0.0211756
   9580  0.0101815
   3839  0.0163595
  10594  0.022125
   2362  0.0782831
   9468  0.17612
   8918  0.0133674
   6873  0.0598034
   9530  0.213164
    713  0.034543
   9258  0.0242916
  10752  0.0123577
   8734  0.0207474
   6227  0.034543
  10226  0.0124091
  12035  0.0612084
   4792  0.0418315
   1697  0.0391416
    721  0.0124759
    791  0.0262319
     76  0.013413
   3647  0.0222973
   5578  0.0578436
    114  0.0181503
   7542  0.02009
   1763  0.0276337
   5524  0.0268958
   9226  0.0128403
   2069  0.121509
   2341  0.00648492
    628  0.0228429
   5507  0.037233
  10588  0.0391416
  10587  0.0262319
  11169  0.0125961
  10371  0.0238656
   4128  0.0418315
   8727  0.0318531
   6452  0.0169563
   2067  0.0284641
   6699  0.0259232
   5085  0.0243233
   7760  0.0311541
   3294  0.021957
   6203  0.0106171
   9574  0.0111808
   1372  0.0318531
   4401  0.0525793
   1608  0.0208871
   8392  0.0245646
   4980  0.0782831
  11546  0.022125
   9587  0.0135517
  11593  0.0413686
   6655  0.0230352
   7580  0.0391416
   5797  0.0418315
   2306  0.117654
   2167  0.037233
  11294  0.0326345
   5471  0.0197248
   7752  0.0346511
   6356  0.0458342
  10232  0.0357526
  10089  0.0190495
  11535  0.034543
   3301  0.0176988
   6286  0.0326345
   8542  0.0330075
   7111  0.0158344
  11628  0.0391416
   6845  0.0240905
   7864  0.0245646
   2229  0.0639741
  10098  0.0357514
   7901  0.0151262
   1757  0.0460704
   3628  0.0262319
   5501  0.0197248
   4851  0.0326345
  10097  0.058822
   6024  0.0196515
   3604  0.0363005
   9964  0.0299445
    993  0.0418315
  10544  0.0357526
   2538  0.0537917
   2749  0.0119785
   7806  0.0250751
   2624  0.0109243
   3251  0.0230352
   1582  0.0186347
   6505  0.0182444
   8633  0.0318531
   1028  0.0409532
   5890  0.0234374
  11707  0.0383148
   7886  0.0214772
   5619  0.0299445
   3032  0.0391416
   6118  0.0335204
   2525  0.0499536
   6225  0.0263762
   2294  0.0284641
   6396  0.0311541
   1700  0.0280359
  10632  0.00597374
   5709  0.0259232
   8115  0.0162886
   2182  0.034543
   9982  0.0299445
   6383  0.0167262
  11305  0.0391416
   7431  0.00964181
   1555  0.0389839
   1048  0.0418315
   5106  0.0262319
   8956  0.0357526
   5925  0.0216333
   9143  0.115687
   3615  0.0250751
   1965  0.0206106
   6003  0.0257025
   6494  0.0357526
   4836  0.0418315
   9191  0.00966778
   9836  0.0230352
   6222  0.0174419
   8069  0.034543
   5976  0.034543
   1590  0.0418315
  12114  0.0391416
   1692  0.0391416
   9087  0.0208871
   5410  0.0512566
   6091  0.0491291
   3140  0.0294135
  11386  0.019267
   3078  0.0418315
   2163  0.0216333
   1928  0.0926405
  10016  0.0148934
   5299  0.0177866
  11790  0.0170034
   8983  0.037233
  10527  0.0370562
    214  0.0284641
   6196  0.020363
   5587  0.0214772
   6240  0.0196073
   6226  0.0140362
   8853  0.0426494
   4052  0.0392147
   7305  0.0175264
   7407  0.0142403
   1524  0.0284641
   2124  0.0280359
   3786  0.117425
   4388  0.0372694
   6124  0.0128434
   8139  0.0101815
   8689  0.0511044
   8296  0.0159448
   9155  0.0318531
   8935  0.0325772
    195  0.0432666
    260  0.0153675
    467  0.0262319
   7059  0.0418315
   7517  0.0418315
   7872  0.0321603
   3829  0.0206106
  10915  0.0245646
  11507  0.0418315
   8078  0.0418315
   2161  0.0302525
  10930  0.0105883
  11977  0.0135052
   3788  0.0186347
   7827  0.0160802
    487  0.05531
  11468  0.0418315
  11653  0.0330075
   5369  0.0230352
   9335  0.034543
   7171  0.0652689
   6812  0.018535
   9069  0.0165038