332
  index      tf-idf
-------  ----------
   9712  0.0489469
   2062  0.0371812
   4778  0.0101209
   5646  0.0370569
  11151  0.0275993
   3591  0.0871068
   4346  0.0982925
   1035  0.0795098
  10022  0.0198425
   8906  0.0201047
  11044  0.131984
  11668  0.180571
   9784  0.0265482
   7756  0.0265482
   6029  0.0225791
   8601  0.0453568
   6873  0.0546389
   3471  0.0397549
   3273  0.0729561
   1865  0.0130441
   5102  0.0283025
   2643  0.0191036
   9906  0.0267478
  11093  0.0269524
  12033  0.0233373
   7444  0.034153
   3634  0.0278269
  11163  0.0565605
  12169  0.0616842
   6153  0.0154436
   1003  0.0179366
   3781  0.0360097
   7408  0.00890093
   1440  0.0807759
   5243  0.0476818
  11984  0.0159056
   8642  0.0193425
   9537  0.0720854
   8993  0.0327642
   3252  0.036478
   4920  0.0262373
   7663  0.0816682
   2574  0.113121
    686  0.0312201
   6529  0.0269524
    910  0.0212475
    497  0.0305462
   5094  0.0476818
  11850  0.0388474
   2535  0.00673288
   7111  0.00964461
   8637  0.0285512
   8328  0.0382072
   7402  0.113121
   4399  0.064203
   5181  0.0790603
  12064  0.0485341
   6892  0.0225707
  10476  0.0336631
  10469  0.0269524
   6224  0.0232059
   9404  0.0729671
   6106  0.0370569
  10467  0.0230766
   1260  0.0509587
   4531  0.0283025
   8958  0.0308762
   1963  0.0565605
  10448  0.0565605
  11307  0.0352322
  11161  0.0116202
    970  0.0673262
  10632  0.0363857
   5709  0.0631587
   8474  0.0275993
   8085  0.0379389
   7226  0.0379515
   9574  0.0136203
   8255  0.0237449
   9017  0.0137003
   7431  0.0234911
  11517  0.0453568
   4074  0.0275993
   1820  0.0358311
   5791  0.034153
   2234  0.0252222
   2525  0.0202843
   4753  0.022824
   4846  0.0371812
   5334  0.0130441
   4504  0.0397549
   3642  0.0631587
   3622  0.0142838
  12144  0.0516375
   5055  0.0265482
   3766  0.037292
  10436  0.0269524
   8167  0.00969345
    875  0.0261633
   3462  0.0408341
   9258  0.00328797
    478  0.0139039
   8734  0.0505486
   1796  0.0565605
   3684  0.0257959
    609  0.0290727
     26  0.0378963
  10831  0.0361472
    607  0.0571023
   6624  0.0336631
   2493  0.0246274
  10226  0.0151166
  12035  0.0149127
   6013  0.0418357
  11389  0.0259164
   5336  0.0664023
   7194  0.0141451
   3629  0.0256182
   6003  0.0313105
   6082  0.0397549
   1351  0.0315794
     76  0.0163396
   3583  0.0453568
   7736  0.0234709
   8042  0.0305462
   7660  0.0302293
   9834  0.0209463
   6009  0.0708201
   1712  0.032791
   2141  0.0224593
   4109  0.0666752
    213  0.0502153
   6465  0.0408341
   8137  0.0368532
   5554  0.0191036
   5369  0.0561224
   6063  0.036286
  10787  0.0174747
    116  0.0229493
   7183  0.036478
   5219  0.0509587
   2049  0.0573315
     40  0.0985095
    874  0.0346746
   1723  0.0408341
   4450  0.0195887
   1793  0.0288077
  11790  0.0103567
   4051  0.0346746
   3427  0.0332011
   8752  0.0158529
    440  0.0332011
  10732  0.0261633
   3484  0.0323496
   1356  0.034153
   4017  0.0423382
   8199  0.0327642
  10857  0.0303959
   9226  0.0101672
   4689  0.101917
   8638  0.0189482
   5170  0.0106545
   8240  0.0332143
   2117  0.0251076
   2341  0.0868983
  10415  0.0543246
  10858  0.101738
  10047  0.052812
   7474  0.0152465
   9985  0.0408341
    628  0.0278269
   1928  0.0789974
   2194  0.0171602
   9976  0.0280612
  10992  0.0280612
   4642  0.107809
   7349  0.0163396
  11910  0.169682
   8917  0.0352322
   4518  0.0422918
   9580  0.0248059
   3745  0.0308762
   2767  0.0256182
   7649  0.0323496
   2504  0.101917
    438  0.0306889
   7472  0.0223339
  10987  0.0265482
   6453  0.0566049
   6509  0.0565605
   5700  0.0218859
   1689  0.0565605
   6753  0.0308762
   8035  0.0397549
   2396  0.0249444
   9808  0.0512365
   7966  0.0278269
   9265  0.0509587
  11918  0.0526173
  10527  0.0112853
  11391  0.11412
  11717  0.0632024
   5654  0.0453568
  10961  0.0200876
   4648  0.0275993
  10220  0.031088
   6158  0.0130441
   8318  0.0247843
   6921  0.0166811
   1836  0.0565605
   7120  0.0251076
   1864  0.0271623
   4122  0.0634377
   6240  0.0238854
   3486  0.0202843
   8787  0.0265482
   3514  0.0653279
   4005  0.0177133
   7869  0.0330745
   8786  0.038051
   5135  0.0332011
   7737  0.038803
   6758  0.0278269
   1327  0.0236067
  11055  0.0477708
  10299  0.0565605
   1892  0.0509587
  11193  0.0145028
   3232  0.034153
   2079  0.0646813
   3294  0.0267478
  10702  0.101917
   3968  0.0252743
   1760  0.0509587
   5754  0.0546389
   8371  0.0195058
   8228  0.0173474
  12055  0.0495846
   8909  0.0397549
   8321  0.0302293
   7635  0.0509587
  11378  0.036478
    791  0.0639106
   6972  0.0160119
   8859  0.00811856
   6581  0.0150067
   8296  0.0582711
  10334  0.0191824
   8918  0.016284
   3397  0.0498887
   9257  0.0446102
   7781  0.305752
    195  0.0263534
   6414  0.0729561
   8301  0.0193425
   1903  0.0240285
  12071  0.0246274
   6751  0.0565605
   4820  0.0268473
  11912  0.0155947
  10368  0.0299243
   4379  0.0540069
   9185  0.0138628
  11818  0.0108217
  10454  0.0453568
   7155  0.0400389
   7305  0.042701
   5128  0.0167395
   2597  0.0472134
   7392  0.0225791
   8292  0.0230766
   5130  0.0269524
    185  0.0296303
   2821  0.058766
   2229  0.0259775
   6356  0.0223339
   1240  0.0565605
   3271  0.0625451
   3272  0.10943
   8696  0.0565605
   4063  0.169682
  11667  0.459308
  10089  0.0464117
    108  0.0227006
   8170  0.0565605
  10727  0.075903
   7164  0.0230766
  11502  0.0476818
  11355  0.0358311
   2872  0.0207516
   2091  0.0315794
   7420  0.0252743
   5315  0.0251076
   5897  0.0308762
   2161  0.0184266
   7302  0.0223413
   5216  0.0592607
  10617  0.0576155
   3792  0.0210455
   2909  0.0383649
  10767  0.0358311
   8014  0.0238099
  10414  0.0486448
   5143  0.0236067
   2590  0.0285512
   3423  0.0243224
   4502  0.0466746
    712  0.0352322
  10189  0.0485222
  11046  0.0265482
   7242  0.0138218
   3139  0.0397549
   3081  0.0533852
   6197  0.022824
   2134  0.0168575
   1899  0.0142838
   6807  0.0158529
  11503  0.0267478
  10098  0.021776
   5789  0.0120348
   3060  0.039858
   5242  0.0152953
   1784  0.0277255
   3585  0.0534955
   5066  0.0315794
   1506  0.012403
    328  0.0340755
   1814  0.0332011
   8008  0.0379515
   8289  0.036478
   3686  0.0185722
   4863  0.0302293