354
  index      tf-idf
-------  ----------
   6892  0.0106099
   9848  0.0373755
   2643  0.0179602
   2645  0.0139763
    277  0.0426839
  10907  0.0200726
  10904  0.0122287
   6757  0.0564339
   6202  0.02842
   1523  0.0154142
   3710  0.0211151
    475  0.0131889
  11997  0.0321089
   2864  0.00961286
  11559  0.0257392
  10972  0.086154
   2725  0.0267767
  11893  0.0276929
   2907  0.0203706
   9779  0.016018
   9482  0.0559054
  11658  0.0331235
   8871  0.0275903
   7700  0.0870845
   1306  0.0433908
    607  0.0268423
   7194  0.00886565
  10973  0.0313305
   1351  0.0296893
   6019  0.0165504
   2790  0.0170571
   7660  0.02842
  10396  0.018495
   5584  0.044828
   4051  0.0325993
   7960  0.0219405
   9196  0.0268423
   1712  0.0154142
   3330  0.0667762
   1513  0.0148549
  11071  0.0727558
   8242  0.0121596
   9372  0.063683
   6111  0.0266085
  11389  0.00812176
   4824  0.0257392
   8369  0.0240849
  11167  0.1784
   6158  0.0122634
   7908  0.261804
   5315  0.0236049
   5043  0.0409467
   7869  0.00621898
   3120  0.0275903
     79  0.0329787
   4950  0.0406962
   4954  0.0100168
  12055  0.0186468
   8807  0.00913634
   8134  0.0409467
   6581  0.028217
   2246  0.0409044
   8330  0.0240849
   8301  0.0363696
     68  0.0165504
   2432  0.0167365
  11818  0.0203481
   2424  0.0178141
  10505  0.0128803
   2349  0.021817
   3409  0.020887
   5347  0.0167995
   7164  0.0216954
   8085  0.0118894
   6418  0.0304135
    659  0.0211151
   6758  0.0261615
   8016  0.0164893
   5980  0.016018
    624  0.0168631
   4502  0.0219405
   7451  0.0426421
   1857  0.0536847
    371  0.0233009
   5487  0.0518948
   2401  0.0321089
   2301  0.02842
   5419  0.0291327
   7096  0.0673732
   1784  0.0130331
   6349  0.0237616
   3366  0.0169272
   4778  0.00951514
   2460  0.0300428
   7409  0.0120344
   4399  0.0344916
  11044  0.0206808
   4771  0.0289451
   5486  0.086303
   2010  0.0242519
    324  0.0193308
   8992  0.0316483
   7408  0.0083682
   2634  0.0196006
  11299  0.0364806
   8945  0.0350787
   8298  0.0364806
   3850  0.0216954
   9866  0.0395614
   2813  0.0426421
   5970  0.0278569
   3778  0.0349559
   6889  0.274552
   2095  0.0251469
  10787  0.0164288
  11659  0.0156283
   5313  0.0174606
   2234  0.0237126
   1344  0.020576
    283  0.0331235
   3577  0.0239215
   3884  0.0300428
  12144  0.0291282
  10078  0.0173919
   8314  0.0331235
   7201  0.0263817
   4074  0.0259474
   3241  0.0133884
   7439  0.0409467
   6732  0.0264568
   8642  0.0181848
   8648  0.0331235
    610  0.0261434
   4121  0.0246669
   8743  0.0345124
  10407  0.0206808
    365  0.0172027
   7576  0.0139328
   8240  0.0936792
  10858  0.011956
   5350  0.0383901
   8576  0.0240849
  10123  0.0293515
  11864  0.0220661
   4148  0.610875
  10066  0.0608269
   7472  0.0104986
  10233  0.0334729
  10229  0.089434
   5076  0.0244227
  11947  0.014243
   8787  0.0249593
   5983  0.0499185
   5627  0.0441322
   4944  0.0210042
  10996  0.0123335
   8822  0.0198803
  10126  0.0278569
   5390  0.0268423
   8137  0.0173237
    317  0.0413616
   3698  0.0171229
   5096  0.0275903
   2342  0.0383901
   9501  0.016018
   9498  0.0188184
  11736  0.0247762
  10157  0.0293515
  10536  0.0178141
   5306  0.0349559
   7302  0.0210042
  10155  0.0308032
   2947  0.0257392
  11246  0.0426421
   8014  0.0335773
   4443  0.0296893
   9266  0.0699118
   1899  0.0268577
   5960  0.0131889
   3682  0.0134696
   2736  0.0185745
   5994  0.044828
   1896  0.0290282
   1506  0.0349819
   9712  0.0230087
   7481  0.0535534
   8519  0.0620424
    636  0.0827709
   6124  0.0147093
     49  0.0245974
   3604  0.0207871
   3634  0.0261615
  12103  0.0488454
   7380  0.0331235
   7395  0.0173237
   3644  0.02027
   1246  0.05684
  10651  0.0349559
   8859  0.00763265
   8268  0.0339838
   7508  0.0167995
   9549  0.0213419
   5146  0.0426421
   8904  0.0139328
   2305  0.0401453
   1941  0.010954
   9258  0.05255
    542  0.0426421
  10226  0.0142119
  12035  0.0140201
  10974  0.0325993
   5128  0.0157376
   7736  0.0220661
   5393  0.0316483
   4017  0.0132681
    499  0.0424554
   9226  0.0124999
   2230  0.0356801
   2341  0.0222811
  11266  0.0342948
   6169  0.0296893
   5285  0.0189014
   7828  0.0300428
   1521  0.0255366
  11169  0.0144261
   6316  0.044828
    626  0.0510732
  10073  0.0321507
   8487  0.0216954
  11461  0.0342948
   6438  0.0281332
   6397  0.0281332
   5093  0.0165504
   8237  0.043881
  11119  0.0336866
    228  0.0294185
   7377  0.0242519
   4482  0.031214
  11593  0.0157929
   2821  0.0184162
    692  0.0221446
   6571  0.0211151
    931  0.014806
   3271  0.0196006
    399  0.028718
   2098  0.0178868
  11895  0.0160827
   6025  0.0304135
  10591  0.0331235
   2669  0.0154672
   3301  0.02027
   4624  0.0287597
  11049  0.0296893
   8669  0.0154672
   6845  0.0275903
  10601  0.0316483
   6033  0.0259474
    353  0.0239215
   5200  0.0383901
   5646  0.00870975
   7707  0.0523229
   7384  0.0219405
   6818  0.044828
   4989  0.0220661
    130  0.0364806
   6873  0.0171229
   2624  0.0125114
   3918  0.0206808
   4892  0.028718
   4037  0.0247762
   3240  0.0136767
   2096  0.0300428
  11077  0.0336866
   1028  0.0234514
   2579  0.0275903
   5789  0.0113145
   9188  0.0270836
    468  0.0210042
   6564  0.0210042
   6106  0.00870975
  10467  0.0216954
   3801  0.0409467
   6463  0.130397
   2428  0.0228666
   9017  0.0257606
   7431  0.0110426
   2448  0.0177421
   1215  0.0239215
   5334  0.0122634
   5291  0.02842
   4516  0.0300428
   2210  0.0179602
   2266  0.0206808
   2148  0.0679675
   6006  0.0325993
   3973  0.0321089
   6013  0.0131106
   6003  0.0294365
   5371  0.0103889
   8167  0.0273398
  10271  0.0633941
   8140  0.0374724
     40  0.0231534
   9831  0.0239215
   8009  0.0161331
   7360  0.0479087
   2163  0.0247762
   4133  0.0383901
  11013  0.0331235
  11846  0.0124755
  10016  0.0170571
   3447  0.0263817
   8521  0.0383901
    438  0.0721303
  11896  0.0214579
  10527  0.0106099
   4005  0.00832657
   5077  0.0383901
   6130  0.0195096
   3250  0.0281332
   4088  0.0422302
   2914  0.0349559
   4847  0.0409467
   9940  0.0364806
   8296  0.0182612
  10127  0.0296893
   9333  0.0958174
   4241  0.0189853
   7911  0.0703542
   9941  0.0479087
   4147  0.020576
   3060  0.0374724
  11128  0.0392011
   2321  0.0383901
   9353  0.0133079
   9101  0.0221938
   3349  0.0409467
   1263  0.0364806
   4078  0.0257392
    693  0.0281332
   2161  0.103942
  10930  0.00606328
   8889  0.214605
   6872  0.0253137
   6503  0.0266085
  10189  0.015206
  11662  0.0273327
   6197  0.0214579
   2371  0.0479087
  11653  0.113408
   9185  0.0390992
  10499  0.0536847
   1299  0.0251469
   2672  0.0167365