484
  index      tf-idf
-------  ----------
   7753  0.0319236
  12049  0.0971252
   1654  0.0179003
   8363  0.0147868
   3982  0.0112636
   2643  0.0328045
   3091  0.0333161
  11203  0.0197041
  10080  0.0207557
   9533  0.0190823
   1680  0.0206307
  10820  0.0158832
   9537  0.0206307
   6757  0.0386539
   3726  0.0124903
   4399  0.0393746
  11108  0.0154589
   2864  0.026337
   4954  0.0182959
   2725  0.0489079
  11161  0.0399083
  10723  0.0308006
   6140  0.028903
  11683  0.0389431
   2907  0.0186036
   7778  0.0285452
  10366  0.0126453
   5988  0.0188868
   5178  0.0409393
    478  0.0119378
   7194  0.0242898
    477  0.0169633
   8283  0.0373947
  10973  0.00953759
   8164  0.0277752
   4271  0.0324834
   6972  0.0274955
   1156  0.012227
   6641  0.0361391
  10396  0.0168906
   4450  0.0168187
   3274  0.0485626
   6720  0.0188269
   6735  0.393566
  11738  0.0485626
  11110  0.0179844
   2669  0.0141255
    103  0.0169633
   1712  0.0281542
   3330  0.0871195
   1513  0.0406989
   2566  0.0164023
   9575  0.0265101
  11071  0.0221482
    187  0.0195966
    662  0.032585
   8242  0.0111048
   3720  0.0113606
   2767  0.0219957
  11389  0.0445034
   4824  0.0235065
  10961  0.0517413
   8301  0.0498221
   6921  0.0143223
    558  0.0578949
  10382  0.0176539
  10755  0.0160733
   1544  0.0401685
   7744  0.101936
   3789  0.0231412
   7869  0.0624747
  11834  0.0160094
   4874  0.0142232
   4333  0.0319236
  12034  0.016203
     79  0.015059
   5573  0.0155179
   4950  0.0278745
   8914  0.0205079
  12055  0.00851462
   4853  0.0169633
   8807  0.0083438
   3489  0.0420256
    278  0.0436929
   6581  0.0257693
   5887  0.0485626
  11818  0.055749
   8207  0.0207557
     68  0.0302294
   1636  0.0281312
   4741  0.0358006
   2432  0.0305693
   2326  0.0224637
  10038  0.0214171
  10233  0.0152846
   2349  0.0199244
   3409  0.0476879
  10857  0.0652444
   8080  0.0113933
    461  0.0319236
   3272  0.0187911
   2724  0.0179003
   8780  0.0200373
   7164  0.0198134
   8085  0.0325741
   8678  0.0218465
   3241  0.012227
   6307  0.0226269
  12105  0.0214171
    914  0.0361296
   5980  0.0731425
   2731  0.0174944
   6382  0.0687544
  10176  0.0224637
   2744  0.0615289
  10557  0.0477841
   1784  0.0119025
  11242  0.0350599
  10484  0.0170367
  10281  0.0971252
   7500  0.0440426
   7409  0.00549522
   3710  0.0192835
  10022  0.0170367
   4771  0.0264342
   6194  0.0729011
   5090  0.0437529
   8083  0.0511101
  12189  0.0485626
    324  0.0176539
  11988  0.0224637
   4816  0.0373947
   6344  0.0304551
   4379  0.0347775
   8945  0.0106786
   7521  0.028903
   3850  0.0198134
   2535  0.0173424
  10023  0.0373947
   7111  0.0165616
   6616  0.0235065
   8328  0.0164023
   4603  0.0151709
   9797  0.032585
    826  0.0191822
  10469  0.0231412
  11659  0.0428178
   1220  0.117295
   2865  0.0148944
  11307  0.0302502
  11159  0.0277752
   2018  0.0529618
   6560  0.0833855
   8919  0.025197
  11499  0.0223041
   9554  0.123577
   2234  0.0108278
   7480  0.0452539
   3622  0.024528
    934  0.0247342
  12144  0.0221678
   3540  0.0341334
   2065  0.0340734
     75  0.032585
   2277  0.0485626
   2671  0.0818787
   8880  0.0274367
   7379  0.0437529
   2873  0.08231
    623  0.0185117
   6402  0.0513856
   8642  0.0166074
    953  0.0183433
   2971  0.032585
    159  0.032585
    610  0.0119378
   6847  0.0350599
   8743  0.0157593
   3331  0.0181558
    365  0.0157105
   8007  0.0112315
   5414  0.0293236
  10881  0.0325376
   8240  0.0332706
   8926  0.028903
  10858  0.0982702
  10047  0.0151147
   3780  0.0302502
   6355  0.0118674
   3781  0.0463766
   7349  0.0280582
  11764  0.012414
   7472  0.00958787
   2871  0.0322758
  11316  0.0485626
  12153  0.0387725
   1865  0.0223993
  10334  0.01647
   6897  0.0485626
  10335  0.0439914
  11947  0.0260149
   3847  0.0473296
   4122  0.0181558
   7486  0.0231412
   3514  0.0186967
   8373  0.0249617
  10996  0.0112636
  11919  0.0305693
   5757  0.0578059
   5754  0.0625502
   8371  0.0167475
   8321  0.0259547
   6515  0.018421
   9553  0.214171
   8137  0.0474629
   9209  0.0296808
   6822  0.0409393
   8918  0.0139814
   9257  0.0383021
   5067  0.0259547
   6846  0.0265101
   7155  0.0572953
   9501  0.0146285
  11193  0.0249041
   9364  0.0165383
   5086  0.0254405
   1959  0.0437529
  11118  0.0485626
   2796  0.0197041
   1385  0.0258507
   5126  0.0437529
    933  0.0412432
  10536  0.0162688
   7302  0.0767287
   8625  0.0333161
   6066  0.018421
   5618  0.0265101
   1729  0.0120448
    351  0.032585
   7871  0.032585
   3081  0.0572953
   1899  0.0367919
   8367  0.0297715
   6290  0.0100307
   3060  0.0513328
   2736  0.0169633
   9535  0.0150037
   7325  0.0389431
   9712  0.0210128
   1178  0.0100038
   5822  0.196618
   7481  0.0611349
   1318  0.0150037
   9579  0.0231412
   5155  0.0259547
  10183  0.0190823
   3454  0.0350599
   2200  0.0307644
    104  0.0173385
   2423  0.0179003
   1440  0.0173385
   7175  0.06517
   5436  0.0833257
   3644  0.0185117
   6809  0.0622672
   8859  0.00697055
   8688  0.0701199
   8874  0.0368419
   8952  0.0240932
   9389  0.0170367
   1218  0.0437529
   9487  0.0260978
  11135  0.0581588
   9549  0.0194906
  10247  0.0256928
   9580  0.0212982
   9468  0.018421
  12182  0.0890424
   3548  0.021145
   9456  0.028903
   3698  0.0312751
   4669  0.0361296
   1943  0.025197
  10236  0.0285063
   9258  0.0112921
  10752  0.0129253
   7754  0.020152
  10226  0.0475899
  12035  0.0512158
   5128  0.100607
    721  0.0130489
     76  0.0280582
    490  0.0293236
   1222  0.032585
   5554  0.0164023
   5352  0.0361296
   2631  0.0302502
   2049  0.0098449
   1389  0.0350599
    114  0.0189839
   8360  0.0172618
   8752  0.0272225
   4017  0.0484685
   9226  0.0100725
   2341  0.0271311
   8070  0.0243803
   6169  0.0271139
   5285  0.0172618
   1842  0.0224637
    626  0.0233214
   8487  0.0396268
   8954  0.0307644
  11386  0.020152
  11918  0.015059
    875  0.067391
   7116  0.0873858
   5093  0.0151147
  12027  0.0373947
   6094  0.0145765
   3257  0.0229655
  10877  0.0270434
   3393  0.0373947
   4156  0.0188868
   6099  0.0173385
  11315  0.0207557
   9476  0.0389431
  12181  0.0558108
   9574  0.0116943
   7057  0.0363115
   8392  0.0256928
   6211  0.0319236
    464  0.0666322
   8634  0.0373935
  11593  0.0144229
   8631  0.0203872
  12071  0.021145
   6997  0.0333161
   2252  0.0302502
   7752  0.0241618
   6356  0.0287636
    957  0.0247342
   3271  0.0179003
   1030  0.0185117
   2872  0.0178172
  11895  0.0293752
   6392  0.0256928
    482  0.032585
    798  0.0262268
   5829  0.295241
   6863  0.015946
  10415  0.0466428
   8693  0.0333161
  10708  0.0224637
   6845  0.025197
   1668  0.0420873
  10876  0.0324061
   4586  0.0243004
   1814  0.0285063
   5646  0.00795422
    611  0.0319236
    130  0.0333161
  11021  0.0470129
   6873  0.0625502
   3547  0.0214171
  10832  0.0437529
   7976  0.0265101
   3415  0.0285063
    949  0.199288
   3240  0.0124903
   3751  0.0243004
   8782  0.0437529
   2403  0.0277752
   8751  0.0197041
   8637  0.0245139
   5789  0.051665
  11550  0.0373947
  12064  0.0416712
   4037  0.0226269
   7574  0.0274367
   6106  0.0238626
   6225  0.0137938
   9498  0.0171859
   8893  0.0716762
  10632  0.056233
   7242  0.0118674
   8115  0.0170367
   6245  0.028903
   2428  0.0208831
   2249  0.0341334
  11750  0.0669902
   9017  0.011763
   7431  0.0100847
   2618  0.0334951
     89  0.0207557
   9308  0.0422899
    573  0.0485626
   2612  0.0131325
   1215  0.0218465
   5334  0.0223993
   4889  0.0170725
  10468  0.032585
   2210  0.0820113
   3776  0.0287449
   6001  0.0125674
   2630  0.0218465
   6029  0.0193863
   5946  0.0312751
   2134  0.0144737
   6003  0.044805
   9338  0.0389431
   9191  0.0202236
   8167  0.0416137
   4221  0.028903
   9555  0.0377737
   1334  0.0215573
   2024  0.0477841
   8140  0.0171109
   6874  0.0307644
  11122  0.0485626
    108  0.0389812
    192  0.0197041
    325  0.032585
   9057  0.0200373
   6886  0.0485626
   3392  0.0350599
   3407  0.0297715
  11846  0.0455732
   9657  0.0485626
    438  0.0131747
   5299  0.0186036
   2448  0.016203
  11790  0.0355688
  10527  0.00968954
   8472  0.0113281
   6196  0.0106491
   3837  0.0552629
  10220  0.013346
   4054  0.0217004
   5170  0.0182959
   6226  0.0293618
  11819  0.0357075
   4722  0.0115925
   2397  0.0373947
   8849  0.0254405
   4036  0.0339266
   4005  0.0152086
   1463  0.0245139
   4740  0.0177351
   9210  0.0271326
   8209  0.0485626
  10206  0.0148404
  10465  0.0277752
    983  0.145688
  11140  0.0197041
   8296  0.0166771
  11176  0.0373947
   9898  0.0600147
   7113  0.0595429
   2396  0.0214171
   8684  0.0281312
   4804  0.0389431
   8861  0.0190823
  10400  0.0595429
   3614  0.0274367
   3841  0.0229655
   2480  0.0313199
   8518  0.0485626
   8292  0.0396268
   3829  0.0215573
   4177  0.0174944
   6493  0.0227942
   5085  0.0763214
   8636  0.0570127
   6035  0.0313199
   5315  0.0215573
   2826  0.0297715
   6872  0.0115589
   1268  0.0389431
   7827  0.0168187
  10189  0.013887
   8715  0.0256928
   9185  0.04761
  11223  0.0131671
  10930  0.0110746