310
  index      tf-idf
-------  ----------
   1966  0.0381261
   1918  0.0408822
   5646  0.0407455
     26  0.0208343
   9083  0.0335868
   3971  0.0283636
   5282  0.0193563
    306  0.0478887
   9630  0.0329029
   7771  0.0230313
   6940  0.0504673
  11021  0.030103
   3486  0.0223034
   7806  0.0335868
   1706  0.0213571
   5379  0.0184703
   6106  0.0101864
  10613  0.0834584
   9818  0.0270788
   5258  0.0253736
   3904  0.052428
  12169  0.0452161
   6421  0.0329029
    112  0.036506
   7976  0.0339495
   3693  0.0339495
   5356  0.0478887
   9927  0.0303465
   2415  0.0560311
   4920  0.0144244
   6609  0.0287668
   3240  0.0159954
   6877  0.0313931
    686  0.0343277
   8945  0.0136753
  11179  0.0560311
   4422  0.0499204
  11850  0.0213571
   9404  0.0267434
  10779  0.0592704
   1279  0.0203405
   4211  0.0525259
   1287  0.0498716
   7396  0.0237065
   3340  0.0462685
    721  0.0334215
   8138  0.0360255
   8952  0.0308544
   3244  0.0343277
   9389  0.0218177
  11659  0.0182778
  10467  0.0507472
   8635  0.0498716
   2864  0.0112426
   2694  0.0316753
   2865  0.0190742
   3142  0.0311197
  11161  0.0127769
   9516  0.0319666
   8502  0.0210919
  10632  0.048009
   8474  0.0303465
   2098  0.0209193
   8717  0.0621905
   9212  0.0560311
  12055  0.010904
   7431  0.0258294
     25  0.0313931
   2618  0.0214473
   1555  0.0522168
  10252  0.0621905
   3879  0.0417292
  11715  0.060206
   8307  0.0360255
   2439  0.052428
   9779  0.0187336
   7778  0.0548335
   9482  0.0490376
   6331  0.0387392
   2780  0.029866
   3622  0.0314111
    934  0.0316753
  12144  0.0851662
   3698  0.0200259
   9191  0.0129495
   3406  0.0621905
   1274  0.0560311
   9258  0.0108457
   2092  0.0560311
   5700  0.0240644
  10532  0.0279771
   3525  0.0272513
   2821  0.0215385
   6007  0.0393977
   1658  0.0343277
   5898  0.0370139
  12035  0.0327942
   3615  0.0335868
   9836  0.0308544
  10780  0.036506
   7194  0.00518435
   7188  0.0231403
   4045  0.0478887
   8390  0.0168178
   6935  0.0621905
  11791  0.0621905
   9051  0.0621905
   8135  0.0335868
  10659  0.0381261
   8167  0.0213166
   8623  0.0333154
   6732  0.0154711
   9834  0.0230313
    197  0.111909
  10267  0.0381261
   1156  0.0156582
  11970  0.0355697
  10271  0.0185354
   3452  0.0478887
   4450  0.0215385
  10166  0.0448987
  11364  0.040109
   7846  0.052428
   6030  0.0478887
   9728  0.0235904
    530  0.0347227
   5851  0.187763
   9831  0.223817
   5293  0.0498716
   2324  0.0267434
   2484  0.0426654
   6863  0.0204209
   9149  0.0201818
  11992  0.0226081
   9226  0.00945939
    132  0.029866
  10881  0.0208343
   2669  0.0180894
   9179  0.0478887
   2068  0.0223034
   4841  0.411743
   5977  0.0408822
  10047  0.0193563
    953  0.0117455
  11621  0.151732
   6355  0.0607906
   3104  0.0281683
    660  0.0252336
   1522  0.0283636
   8070  0.015611
    659  0.0246949
  11984  0.0524664
   9301  0.223766
   7349  0.017966
   8579  0.0875724
   4884  0.0621905
   6028  0.040109
   8726  0.0259565
   6963  0.030103
  11847  0.0531607
   1887  0.0267434
   3885  0.0329029
   9021  0.0437121
   4532  0.0332383
   7472  0.0982278
   2734  0.0621905
   1003  0.019722
   4331  0.0400517
   5375  0.0560311
   8486  0.0621905
   9643  0.0621905
    434  0.0621905
   3700  0.0462685
   8472  0.0145071
   3741  0.0478887
   3745  0.0339495
   4648  0.0303465
  10202  0.0621905
  10220  0.0341825
   6158  0.0143425
   6501  0.0417292
   5170  0.0117151
   1679  0.0303465
   5181  0.0289767
    687  0.145122
   1841  0.0498716
   6592  0.0325797
   3847  0.0757644
  10359  0.0355697
   6094  0.0373342
   1912  0.0498716
   1704  0.0265804
   2824  0.0621905
   2269  0.0426654
   5752  0.0355697
  11058  0.0621905
  10996  0.0288489
   9353  0.0311283
   7951  0.0510315
   2350  0.0308499
   4196  0.0240644
   6163  0.0448987
   1621  0.0375526
   3074  0.0289767
   4874  0.0182146
  10108  0.036506
  12034  0.0830001
  10041  0.0264202
   5630  0.036506
   5754  0.0200259
   7884  0.0478887
   6203  0.0142211
   2197  0.0387392
   8028  0.133717
   8371  0.0214473
   6265  0.0621905
   1497  0.0478887
  12070  0.0426654
    234  0.0162949
  12174  0.0381261
   8689  0.0228172
   9861  0.0522168
    575  0.0160446
   6505  0.0488747
   8137  0.0202608
    410  0.0277901
   2595  0.199943
   9209  0.019005
  10362  0.0375526
  11673  0.0417292
   9257  0.00545008
   3743  0.0437121
   4052  0.026263
   9892  0.0319666
   8631  0.0261084
   6178  0.0360255
   1699  0.0228172
  11031  0.0545027
   7202  0.0560311
   3062  0.0575351
   5138  0.052428
   4808  0.0448987
   7333  0.0303465
   2091  0.0347227
   9497  0.102641
   6944  0.0360255
   4337  0.0478887
   7761  0.0291908
  11880  0.0238242
   9343  0.0322679
   8428  0.0621905
   5086  0.0325797
  10538  0.0651594
  10367  0.036506
   3409  0.0366423
  11818  0.0237979
  10950  0.109709
    931  0.0173162
    365  0.0100596
   3561  0.045424
   2691  0.052428
   3829  0.0276068
  11790  0.0113876
   2650  0.0560311
   6240  0.026263
   9467  0.177848
   5347  0.0196477
   5296  0.024187
   9392  0.0232507
  11983  0.0343277
   2144  0.0256603
  11895  0.0188093
   7920  0.029866
    933  0.0176057
   1705  0.0448987
  10214  0.0296352
   7304  0.0360255
   9558  0.0950258
   1225  0.0426654
   7960  0.0513205
  10134  0.0622394
  10880  0.0621905
  11977  0.217073
   8009  0.0377366
   3371  0.0355697
   6872  0.0148026
   8728  0.0621905
   4562  0.0370139
  11864  0.0258071
   7958  0.0319666
   8669  0.0180894
   9252  0.129072
   4649  0.0498716
   8174  0.0296352
   7631  0.0621905
   7433  0.0853309
   9363  0.0498716
   1899  0.0157056
   6290  0.0128455
   6122  0.0291908
   5419  0.0170359
   7901  0.0202608
   2720  0.0478887
   3373  0.0203405
  11223  0.0168621
   6479  0.0294102
  10930  0.0212737
   5003  0.0408822
   1506  0.0136375
   6024  0.013161