464
  index      tf-idf
-------  ----------
   3279  0.0472881
   7735  0.0378654
   6548  0.0343516
   4933  0.0449022
   5972  0.0854256
   8363  0.0486545
   3982  0.0247078
   1695  0.0317007
     84  0.0161599
  11765  0.0214935
   3752  0.101518
   3472  0.0350138
   2645  0.0139995
  10820  0.0174207
   9927  0.0779712
   8264  0.0337424
   1767  0.0542569
   9033  0.0216115
  11997  0.0321621
   9404  0.0229045
   8674  0.0532634
    131  0.0171513
  10725  0.0414302
   2725  0.0536422
   7655  0.0202041
  10723  0.016891
    838  0.0581526
  11133  0.0326533
  11573  0.0479881
   9776  0.0449022
   3316  0.0449022
   9779  0.0160445
   5630  0.0312657
   9482  0.0419985
   1134  0.0241249
  10324  0.0213773
   8995  0.023644
   9994  0.0427128
    448  0.0396269
   2139  0.0233396
   7194  0.0444017
  10973  0.0104608
   6356  0.010516
   4271  0.0237519
    116  0.0216115
   2592  0.0227649
  11092  0.0479881
   8199  0.0308542
   2669  0.0309856
    103  0.055816
   1712  0.0154398
   7098  0.027636
   8676  0.0410145
   2749  0.0137415
   1112  0.0410145
   1345  0.0170854
   8166  0.0365411
  12008  0.0203036
   3720  0.037381
   4391  0.0532634
   3525  0.0233396
   8300  0.0304639
   8550  0.0329121
   3105  0.0231918
   7608  0.0337424
  10755  0.0176292
   6765  0.0253812
   9027  0.0264254
   7869  0.00622929
   3895  0.0248172
    201  0.019633
   1333  0.0189327
   4874  0.0312
   3303  0.013533
  12034  0.0177715
   3968  0.023801
   4950  0.0101909
   4954  0.0702341
   1556  0.0365829
  12055  0.056033
    893  0.0402118
   4853  0.0372106
   3489  0.0230468
   6972  0.0150785
   6581  0.0141319
   2246  0.0136574
   1699  0.0195419
   9635  0.0253812
     68  0.0165778
   3151  0.0290763
   3409  0.0418433
   4359  0.0308542
  10857  0.014312
   8080  0.0249923
   4290  0.0340401
   3031  0.0284671
  10609  0.0449022
  10610  0.082908
   5054  0.0449022
   8085  0.0119091
  11949  0.0308542
   8766  0.0479881
  10326  0.0139125
  10134  0.0266526
   2350  0.0264215
   2731  0.0383757
  11905  0.023644
  10557  0.0262048
   1975  0.0365411
   9494  0.0278041
   4735  0.0326533
   4462  0.0268868
  10173  0.0434627
   1784  0.0130546
   5461  0.0227649
    328  0.0160445
   3305  0.0410145
   7500  0.0483059
  11985  0.0290763
   4778  0.00953091
    497  0.0287656
   4771  0.028993
   2010  0.0242921
   3272  0.0206101
  12076  0.0326533
   3535  0.0384537
   4500  0.0265006
  10831  0.01702
   5957  0.0146379
   7408  0.0335283
   9531  0.0816809
   2527  0.0700276
    501  0.0532634
   4379  0.0127147
   4610  0.0297385
   8327  0.0304639
   2535  0.0190212
   7111  0.0726592
   1279  0.0174207
    818  0.0350138
   8328  0.0899499
   7330  0.0255789
   8867  0.0841368
  10391  0.0384537
  11659  0.0156542
  11912  0.0146856
   2347  0.0350138
   4660  0.0192748
   9353  0.01333
   4549  0.0234903
   4753  0.042987
   7480  0.0248172
   3856  0.0444612
   3668  0.0218531
   3622  0.0134511
  12144  0.0243137
   3623  0.0532634
   4647  0.0153871
   8100  0.0898045
  10078  0.0174207
  10532  0.0479224
   7201  0.0264254
   8620  0.0308542
   8484  0.0449022
   4394  0.0319751
   2673  0.0446386
   8701  0.019633
  11237  0.0479881
    864  0.0343516
   1597  0.0532634
  10207  0.0308542
    867  0.0134105
  12164  0.0378654
  10895  0.0290763
   2706  0.0410145
   7279  0.0317007
   3949  0.0248172
   8691  0.0162182
   3331  0.0398264
    365  0.043078
   8007  0.0123187
  10221  0.0479881
   8240  0.0521303
   9190  0.0384537
  10858  0.0119759
   6355  0.0260322
   1592  0.0136157
   3782  0.0218531
  11847  0.0227649
  11764  0.0816941
   7472  0.010516
   6948  0.0350138
   2871  0.0177
   9790  0.0308542
   2251  0.0374375
   6639  0.0244632
   9377  0.0427128
  11947  0.0713329
   5567  0.0477928
   1072  0.0304639
   3847  0.0129778
   4831  0.0222306
   4982  0.0331784
   8098  0.0479881
   4260  0.0357392
   5983  0.0250006
   6268  0.0449022
   7741  0.023801
  10996  0.0123539
   4405  0.0396269
   7778  0.0156542
   4744  0.0730821
  10701  0.0212629
   9044  0.0250006
   2324  0.0229045
   2014  0.0384537
   1725  0.0337424
   6768  0.0172177
   2560  0.105041
   9257  0.00466775
   8568  0.0253812
   8614  0.0479881
   2162  0.0253812
   9364  0.0181392
   9151  0.0216115
   5508  0.0653067
   1385  0.028353
   9007  0.0532634
   9818  0.0463835
  11040  0.0337424
   8623  0.0142666
   8009  0.0161599
    364  0.0653447
   1729  0.0132108
  11046  0.0250006
   5984  0.0410145
   5960  0.0264215
   6290  0.0550081
   2798  0.0281799
   3682  0.0134919
   2647  0.0182914
   6574  0.0674848
   9535  0.016456
     37  0.0357392
   1103  0.0427128
   1506  0.0233599
   9712  0.0230468
   1344  0.0206101
   5155  0.19927
  10815  0.0183687
  10183  0.0209295
   5646  0.00872418
   8038  0.0634503
  11992  0.0193628
   1437  0.530452
   1440  0.0190168
   1078  0.0894428
  11962  0.0206101
   7491  0.0357392
  11850  0.0914572
   4846  0.0350138
    907  0.0294002
   2085  0.0410145
   9289  0.0748749
   7508  0.0168274
   5333  0.0410145
   9487  0.057248
   9093  0.023801
   6115  0.107218
   5892  0.0479881
   9580  0.0116799
   1434  0.0357392
   8904  0.0139559
   1941  0.0109722
   9258  0.0185778
   2817  0.0374375
   8734  0.023801
  10226  0.00949029
  12035  0.0280867
   3853  0.0337424
   5128  0.0157637
    721  0.014312
   1024  0.0854256
   3647  0.0255789
  10466  0.0343516
  11882  0.0251885
   6036  0.0350138
   2996  0.0266526
   2049  0.0107979
   8360  0.0378654
   7363  0.13497
   3484  0.0304639
   3173  0.0250006
   7803  0.0396269
   9226  0.0162031
   2341  0.022318
   8070  0.0267403
   4533  0.0350138
    575  0.0137415
  11806  0.021039
  11208  0.0331784
   1842  0.0246381
   9530  0.0222306
   3030  0.0266526
  10371  0.027378
  11918  0.0165167
  11988  0.0246381
   6452  0.0389037
   1288  0.0396269
   9486  0.0389037
  11015  0.0331784
   6235  0.0396269
   8476  0.0203036
    413  0.0326533
  10108  0.0312657
   6203  0.0121797
   9574  0.0128263
    234  0.0139559
    228  0.0147336
   7465  0.0365411
   9587  0.0155462
   3482  0.0449022
   7761  0.0250006
  11390  0.0294002
   9650  0.0449022
   8668  0.0162182
    931  0.0148306
   2441  0.0239612
   5514  0.0479881
   6600  0.0255034
  10595  0.0350138
  10117  0.0294002
  11895  0.0161094
   2091  0.0297385
    799  0.054756
   1944  0.0268868
   9974  0.0266526
   8538  0.0558062
   4624  0.0864222
   2909  0.0180642
   6863  0.0174896
   1514  0.0532634
  10767  0.0337424
    483  0.0374375
   5717  0.0217314
   1668  0.0153871
  11880  0.0204044
  10098  0.0205066
   5251  0.0427128
   1757  0.0264254
   2055  0.0163959
   4061  0.0479881
   8971  0.0255789
  10096  0.0396269
   6024  0.0450874
   1546  0.0558062
   3604  0.0416431
   8906  0.0189327
   3330  0.0477763
   7806  0.0287656
   2509  0.0171513
   1513  0.0148795
   7720  0.0902776
   7794  0.0374375
   1866  0.0206101
   9946  0.0730821
  10715  0.0250006
   6865  0.0343516
  11077  0.0337424
   5890  0.0268868
   8637  0.0268868
   4480  0.0410145
   4037  0.0248172
  10080  0.0227649
   6225  0.0151291
   2153  0.0253812
   8815  0.0281799
   8242  0.0121797
  10632  0.0137059
   7242  0.0130161
   8115  0.0186859
   9017  0.0258033
   7431  0.0110609
   2448  0.0533144
  10084  0.0769075
   8953  0.0374375
   3082  0.0262048
   2231  0.0396269
   6794  0.0396269
  10309  0.0532634
   4889  0.0187252
   4105  0.0479881
   3776  0.0157637
   6001  0.0137839
   2148  0.01702
   6013  0.0131323
   6003  0.0196569
   9191  0.0110906
  10271  0.0158748
  12114  0.0449022
   8140  0.0187673
  10122  0.0203036
   9087  0.0239612
    161  0.0337424
   5647  0.0722569
   7359  0.0317007
  11386  0.0221027
  10581  0.0350138
    102  0.0159309
   1115  0.0392661
   1928  0.116902
   1871  0.0219769
   3939  0.0326533
  11846  0.0249923
  10016  0.0341707
   8480  0.0337424
   3447  0.0264254
   7479  0.109512
  10527  0.021255
   8472  0.0124247
  10442  0.0287656
  10220  0.0146379
   4054  0.023801
   5170  0.0200669
   6226  0.016102
   4052  0.0224931
   6921  0.0157087
   4722  0.0127147
   7407  0.0163362
   4005  0.00834037
   1406  0.0532634
   1463  0.107547
   4388  0.106887
   1846  0.0290763
  11968  0.0646394
  11481  0.027636
  12007  0.0532634
   4348  0.0449022
    140  0.0317007
   7984  0.0357392
   8684  0.0308542
    260  0.0176292
   2662  0.0687136
   3419  0.027636
   9644  0.0331784
   2229  0.0244632
  10915  0.0563597
   9102  0.0281799
   3147  0.023801
   2161  0.0347049
   6808  0.0227649
  11977  0.0309856
   7670  0.0479881
    208  0.0126778
  11653  0.0378654
   7169  0.0449022
   9185  0.0261093
   3560  0.0410145
  11186  0.0427128
   6493  0.0250006
    110  0.0374375
  10930  0.00607333
  11807  0.0384537
   8840  0.0251885