129
63
123
863
1092
852
865
496
652
1022
312
919
920
656
151
140
150
195
229
230
716
356
672
666
550
752
759
964
884
800
754
757
993
770
771
774
760
755
963
962
958
805
791
731
732
733
730
756
740
952
786
797
780
807
802
803
804
784
795
700
764
767
766
806
856
855
869
982
975
979
983
953
961
977
972
965
967
744
735
945
990
980
1051
951
949
947
974
546
547
572
577
539
541
540
554
563
545
553
580
537
556
555
567
593
738
569
520
523
538
531
532
527
529
594
526
627
559
592
536
544
587
590
485
557
579
568
718
570
558
530
566
548
564
565
595
596
641
921
940
918
924
922
430
420
428
54
55
71
56
57
53
62
99
58
52
38
65
121
107
50
45
3
46
43
37
688
41
67
122
87
34
35
33
48
49
32
7
24
25
18
23
51
10
47
16
15
39
20
26
28
36
74
84
78
103
112
73
128
59
75
81
60
1
21
69
8
9
96
77
111
22
664
259
61
120
80
108
117
88
89
98
94
90
116
72
79
109
110
30
689
118
125
124
85
82
114
27
76
97
95
105
14
40
127
6
17
5
4
66
13
12
232
64
729
632
649
101
106
226
93
119
631
126
712
183
327
328
320
334
315
331
70
92
100
102
351
362
371
345
326
370
519
305
309
340
344
44
365
355
360
358
408
392
403
382
404
375
528
421
591
436
393
394
441
433
395
398
86
83
31
376
380
424
439
440
391
250
245
260
241
275
248
258
442
438
350
353
339
347
413
715
509
506
516
472
809
515
240
279
254
295
300
306
297
406
753
883
816
721
725
499
501
500
498
491
493
454
481
502
503
487
495
255
514
497
504
517
749
507
508
512
363
492
483
490
505
416
346
473
929
917
256
243
244
271
91
68
189
42
104
153
156
149
274
585

168
174
207
196
188
162
154
160
191
192
203
227
235
231
223
292
190
217
219
655
152
180
434
318
323
277
173
208
206
143
182
552
551
562
620
560
484
623
783
478
427
488
335
634
686
808
717
773
167
186
221
253
177
367
378
289
284
273
291
630
293
333
330
290
549
561
287
456
455
184
163
415
210
159
281
282
280
285
283
288
181
270
261
385
776
777
746
224
463
175
200
198
204
218
211
212
213
225
216
172
332
228
132
145
133
134
131
130
137
144
139
148
272
299
307
302
313
314
298
311
141
618
368
373
410
449
412
354
329
238
461
459
239
161
201
185
187
418
276
251
437
414
178
147
303
399
750
194
778
170
171
215
465
164
647
645
691
690
142
758
390
765
768
762
775
769
779
899
906
787
679
901
772
782
785
904
902
788
790
747
789
387
432
693
694
342
157
486
761
763
267
310
246
247
257
263
628
448
511
249
233
742
711
1079
407
409
417
336
728
1095
237
1067
648
470
475
222
209
469
220
234
474
166
471
193
205
264
266
269
268
294
319
322
214
617
521
714
202
197
199
135
136
165
242
155
158
138
179
146
518
522
525
374
692
650
2
892
447
452
446
286
379
252
510
265
453
457
411
236
462
458
359
366
343
349
352
348
364
361

464
444
467
468
389
400
386
396
169
625
29
811
524
543
384
19
425
11
317
369
377
115
113
278
451
460
431
301
341
476
477
479
489
325
321
316
405
423
357
482
429
422
381
372
383
324
419
494
338
435
388
402
810

602
598
601
606
600
615
616
583
584
576
574
575
578
610
571
613
608
605
607
629
609
604
637
603
736
737
612
619
621
622
633
614
611
860
644
573
626
687
827
535
542
586
581
588
589
599
582
748
741
854
640
1076
739
743
1036
1034
792
796
643
639
636

674
675
696
682
685
533
676
677
698
667
668
670
710
703
793
660
669
466
699
678
671
707
426
745
443
480
624
534
597
445
450
262
296
665
695
673
651
697
701
681
684
653
658
662
663
337
654
657
713
513
659
661
304
308
642
734
401
397
638

927
938
926
928
914
930
984
900
724
727
719
722
723
726
925
916
680
683
814
720
908
836
913
936
709
705
706
704
635
702
708
950
966
989
946
933
994
1000
1008
1017
1049
1073
992
1070
1061
986
1064
1074
1065
903
871
875

957
956
987
896
897
812
799
937
935
991
923
1044
1050
1059
1060
1057
960
646
794
846
831
801
895
898
845
1032
751
890
942
1001
1004
970
969
971
968
976
981
815
973
978
907
911
912
885
886
941
887
996
997
1002
1010
888
880
931
861
841
842
839
840
848
849
798
894
877
948
910
915
934
932
853
959
985
1018
1021
1026
954
955
1024
1029
823
939
781

1019
1020
1005
1003
1042
1041
1039
1052
1085
1088
1084
995
998
999
1007
1072
1031
1043
1006
1040
1023
1054
1011
1012
1014
1035
1037
1038
1053
1087
889
1013
1066
1047
1081
1090
1046
1080
1028
1083
1078
1069
859
1025
1027
1045
1086
1009
1056
1055
1058
1093
1033
1030
1063
1071
1068
1075
1077
1048
1082
1016
1089
1091
1094
843
833
847
825
828
821
824
822
864
868
867
866
943
944
826
876
988
832
838
879
874
176
1015
829
830
850
834
813
820
873
844
835
893
857
858
870
878
818
819
862
882
817
837
851
909
891
872
881
905
1062

